[331.9370,423.8571,11.1236]
[343.0606,423.8571]
[342.9976,425.0395]
[342.8092,426.2084]
[342.4977,427.3508]
[342.0665,428.4535]
[341.5206,429.5042]
[340.8660,430.4908]
[340.1103,431.4024]
[339.2620,432.2284]
[338.3307,432.9596]
[337.3270,433.5876]
[336.2621,434.1054]
[335.1483,434.5071]
[333.9981,434.7881]
[332.8245,434.9452]
[331.6409,434.9767]
[330.4606,434.8823]
[329.2971,434.6629]
[328.1635,434.3211]
[327.0726,433.8607]
[326.0368,433.2869]
[325.0679,432.6064]
[324.1769,431.8267]
[323.3737,430.9567]
[322.6676,430.0062]
[322.0665,428.9861]
[321.5772,427.9079]
[321.2054,426.7837]
[320.9551,425.6265]
[320.8292,424.4491]
[320.8292,423.2651]
[320.9551,422.0878]
[321.2054,420.9305]
[321.5772,419.8063]
[322.0665,418.7281]
[322.6676,417.7080]
[323.3737,416.7575]
[324.1769,415.8875]
[325.0679,415.1078]
[326.0368,414.4273]
[327.0726,413.8535]
[328.1635,413.3932]
[329.2971,413.0513]
[330.4606,412.8319]
[331.6409,412.7375]
[332.8245,412.7690]
[333.9981,412.9261]
[335.1483,413.2072]
[336.2621,413.6088]
[337.3270,414.1266]
[338.3307,414.7547]
[339.2620,415.4858]
[340.1103,416.3119]
[340.8660,417.2234]
[341.5206,418.2100]
[342.0665,419.2607]
[342.4977,420.3635]
[342.8092,421.5058]
[342.9976,422.6747]
[343.0606,423.8571]
[604.4682,430.4842,15.2909]
[619.7591,430.4842]
[619.6725,432.1095]
[619.4136,433.7164]
[618.9854,435.2867]
[618.3926,436.8025]
[617.6421,438.2468]
[616.7424,439.6032]
[615.7036,440.8562]
[614.5374,441.9916]
[613.2572,442.9967]
[611.8774,443.8601]
[610.4137,444.5718]
[608.8826,445.1240]
[607.3014,445.5103]
[605.6882,445.7263]
[604.0612,445.7696]
[602.4387,445.6398]
[600.8393,445.3382]
[599.2810,444.8683]
[597.7814,444.2354]
[596.3576,443.4468]
[595.0257,442.5112]
[593.8008,441.4394]
[592.6968,440.2435]
[591.7261,438.9370]
[590.8998,437.5347]
[590.2273,436.0525]
[589.7161,434.5072]
[589.3720,432.9164]
[589.1990,431.2980]
[589.1990,429.6703]
[589.3720,428.0519]
[589.7161,426.4611]
[590.2273,424.9158]
[590.8998,423.4336]
[591.7261,422.0314]
[592.6968,420.7248]
[593.8008,419.5289]
[595.0257,418.4571]
[596.3576,417.5215]
[597.7814,416.7329]
[599.2810,416.1000]
[600.8393,415.6301]
[602.4387,415.3286]
[604.0612,415.1987]
[605.6882,415.2420]
[607.3014,415.4580]
[608.8826,415.8443]
[610.4137,416.3965]
[611.8774,417.1083]
[613.2572,417.9716]
[614.5374,418.9767]
[615.7036,420.1122]
[616.7424,421.3652]
[617.6421,422.7215]
[618.3926,424.1658]
[618.9854,425.6816]
[619.4136,427.2519]
[619.6725,428.8588]
[619.7591,430.4842]
[338.5022,630.4670,15.2328]
[353.7350,630.4670]
[353.6487,632.0861]
[353.3908,633.6869]
[352.9642,635.2512]
[352.3737,636.7613]
[351.6261,638.2001]
[350.7297,639.5513]
[349.6949,640.7996]
[348.5332,641.9307]
[347.2578,642.9320]
[345.8833,643.7921]
[344.4251,644.5011]
[342.8998,645.0512]
[341.3247,645.4360]
[339.7175,645.6512]
[338.0967,645.6944]
[336.4804,645.5650]
[334.8870,645.2646]
[333.3346,644.7965]
[331.8408,644.1660]
[330.4224,643.3803]
[329.0955,642.4484]
[327.8753,641.3806]
[326.7754,640.1892]
[325.8085,638.8877]
[324.9853,637.4907]
[324.3153,636.0141]
[323.8060,634.4747]
[323.4633,632.8899]
[323.2909,631.2777]
[323.2909,629.6562]
[323.4633,628.0440]
[323.8060,626.4592]
[324.3153,624.9198]
[324.9853,623.4432]
[325.8085,622.0462]
[326.7754,620.7447]
[327.8753,619.5533]
[329.0955,618.4856]
[330.4224,617.5536]
[331.8408,616.7679]
[333.3346,616.1374]
[334.8870,615.6693]
[336.4804,615.3689]
[338.0967,615.2395]
[339.7175,615.2827]
[341.3247,615.4979]
[342.8998,615.8827]
[344.4251,616.4328]
[345.8833,617.1418]
[347.2578,618.0019]
[348.5332,619.0032]
[349.6949,620.1343]
[350.7297,621.3826]
[351.6261,622.7338]
[352.3737,624.1726]
[352.9642,625.6827]
[353.3908,627.2470]
[353.6487,628.8478]
[353.7350,630.4670]
[587.5716,632.9161,11.1741]
[598.7457,632.9161]
[598.6824,634.1038]
[598.4932,635.2781]
[598.1802,636.4256]
[597.7471,637.5334]
[597.1987,638.5888]
[596.5411,639.5799]
[595.7820,640.4956]
[594.9298,641.3254]
[593.9943,642.0599]
[592.9860,642.6908]
[591.9163,643.2109]
[590.7975,643.6144]
[589.6420,643.8967]
[588.4631,644.0545]
[587.2741,644.0862]
[586.0885,643.9913]
[584.9197,643.7709]
[583.7809,643.4275]
[582.6851,642.9651]
[581.6446,642.3887]
[580.6713,641.7051]
[579.7762,640.9218]
[578.9694,640.0479]
[578.2601,639.0931]
[577.6563,638.0684]
[577.1648,636.9853]
[576.7912,635.8560]
[576.5398,634.6935]
[576.4134,633.5108]
[576.4134,632.3214]
[576.5398,631.1387]
[576.7912,629.9762]
[577.1648,628.8470]
[577.6563,627.7638]
[578.2601,626.7391]
[578.9694,625.7843]
[579.7762,624.9104]
[580.6713,624.1271]
[581.6446,623.4435]
[582.6851,622.8671]
[583.7809,622.4047]
[584.9197,622.0613]
[586.0885,621.8409]
[587.2741,621.7460]
[588.4631,621.7777]
[589.6420,621.9355]
[590.7975,622.2178]
[591.9163,622.6213]
[592.9860,623.1414]
[593.9943,623.7723]
[594.9298,624.5068]
[595.7820,625.3366]
[596.5411,626.2523]
[597.1987,627.2434]
[597.7471,628.2988]
[598.1802,629.4066]
[598.4932,630.5541]
[598.6824,631.7284]
[598.7457,632.9161]
