[304.9318,442.4857,11.1481]
[316.0799,442.4857]
[316.0167,443.6707]
[315.8280,444.8422]
[315.5158,445.9871]
[315.0836,447.0923]
[314.5365,448.1452]
[313.8805,449.1341]
[313.1231,450.0476]
[312.2729,450.8754]
[311.3396,451.6082]
[310.3336,452.2377]
[309.2664,452.7566]
[308.1502,453.1591]
[306.9974,453.4408]
[305.8213,453.5983]
[304.6350,453.6299]
[303.4522,453.5352]
[302.2861,453.3153]
[301.1500,452.9727]
[300.0567,452.5113]
[299.0186,451.9363]
[298.0476,451.2543]
[297.1546,450.4728]
[296.3497,449.6009]
[295.6420,448.6484]
[295.0396,447.6260]
[294.5492,446.5454]
[294.1765,445.4188]
[293.9257,444.2590]
[293.7995,443.0791]
[293.7995,441.8924]
[293.9257,440.7125]
[294.1765,439.5527]
[294.5492,438.4261]
[295.0396,437.3454]
[295.6420,436.3231]
[296.3497,435.3706]
[297.1546,434.4986]
[298.0476,433.7172]
[299.0186,433.0351]
[300.0567,432.4601]
[301.1500,431.9988]
[302.2861,431.6562]
[303.4522,431.4363]
[304.6350,431.3416]
[305.8213,431.3732]
[306.9974,431.5307]
[308.1502,431.8123]
[309.2664,432.2149]
[310.3336,432.7338]
[311.3396,433.3632]
[312.2729,434.0960]
[313.1231,434.9239]
[313.8805,435.8374]
[314.5365,436.8262]
[315.0836,437.8792]
[315.5158,438.9844]
[315.8280,440.1292]
[316.0167,441.3008]
[316.0799,442.4857]
[563.4852,456.9188,15.2293]
[578.7145,456.9188]
[578.6283,458.5376]
[578.3704,460.1380]
[577.9439,461.7020]
[577.3536,463.2118]
[576.6061,464.6502]
[575.7100,466.0011]
[574.6753,467.2490]
[573.5139,468.3800]
[572.2389,469.3810]
[570.8646,470.2409]
[569.4068,470.9498]
[567.8818,471.4997]
[566.3071,471.8844]
[564.7003,472.0996]
[563.0798,472.1427]
[561.4639,472.0134]
[559.8709,471.7130]
[558.3189,471.2450]
[556.8253,470.6147]
[555.4073,469.8292]
[554.0808,468.8975]
[552.8608,467.8300]
[551.7612,466.6388]
[550.7944,465.3376]
[549.9715,463.9409]
[549.3016,462.4647]
[548.7925,460.9257]
[548.4498,459.3413]
[548.2775,457.7294]
[548.2775,456.1083]
[548.4498,454.4964]
[548.7925,452.9120]
[549.3016,451.3729]
[549.9715,449.8967]
[550.7944,448.5001]
[551.7612,447.1988]
[552.8608,446.0077]
[554.0808,444.9402]
[555.4073,444.0084]
[556.8253,443.2229]
[558.3189,442.5926]
[559.8709,442.1246]
[561.4639,441.8243]
[563.0798,441.6949]
[564.7003,441.7381]
[566.3071,441.9532]
[567.8818,442.3380]
[569.4068,442.8879]
[570.8646,443.5968]
[572.2389,444.4566]
[573.5139,445.4577]
[574.6753,446.5886]
[575.7100,447.8366]
[576.6061,449.1874]
[577.3536,450.6259]
[577.9439,452.1357]
[578.3704,453.6996]
[578.6283,455.3001]
[578.7145,456.9188]
[556.0635,639.2625,10.9745]
[567.0380,639.2625]
[566.9758,640.4290]
[566.7900,641.5823]
[566.4827,642.7094]
[566.0573,643.7973]
[565.5186,644.8339]
[564.8729,645.8074]
[564.1273,646.7067]
[563.2903,647.5216]
[562.3715,648.2430]
[561.3812,648.8626]
[560.3307,649.3735]
[559.2318,649.7698]
[558.0970,650.0470]
[556.9391,650.2020]
[555.7714,650.2331]
[554.6069,650.1399]
[553.4590,649.9235]
[552.3405,649.5862]
[551.2643,649.1320]
[550.2424,648.5660]
[549.2865,647.8945]
[548.4074,647.1253]
[547.6150,646.2669]
[546.9183,645.3292]
[546.3253,644.3228]
[545.8426,643.2590]
[545.4757,642.1500]
[545.2287,641.0082]
[545.1046,639.8466]
[545.1046,638.6784]
[545.2287,637.5169]
[545.4757,636.3751]
[545.8426,635.2661]
[546.3253,634.2023]
[546.9183,633.1958]
[547.6150,632.2581]
[548.4074,631.3998]
[549.2865,630.6305]
[550.2424,629.9591]
[551.2643,629.3930]
[552.3405,628.9388]
[553.4590,628.6016]
[554.6069,628.3851]
[555.7714,628.2919]
[556.9391,628.3230]
[558.0970,628.4781]
[559.2318,628.7553]
[560.3307,629.1516]
[561.3812,629.6624]
[562.3715,630.2821]
[563.2903,631.0034]
[564.1273,631.8184]
[564.8729,632.7177]
[565.5186,633.6912]
[566.0573,634.7277]
[566.4827,635.8157]
[566.7900,636.9427]
[566.9758,638.0960]
[567.0380,639.2625]
[296.0000,646.0567,17.7288]
[313.7288,646.0567]
[313.6284,647.9412]
[313.3282,649.8043]
[312.8317,651.6249]
[312.1445,653.3825]
[311.2743,655.0570]
[310.2311,656.6296]
[309.0267,658.0824]
[307.6746,659.3989]
[306.1903,660.5642]
[304.5905,661.5652]
[302.8934,662.3905]
[301.1182,663.0307]
[299.2849,663.4785]
[297.4145,663.7290]
[295.5281,663.7792]
[293.6469,663.6287]
[291.7925,663.2790]
[289.9857,662.7342]
[288.2471,662.0004]
[286.5963,661.0860]
[285.0520,660.0013]
[283.6318,658.7586]
[282.3518,657.3720]
[281.2263,655.8572]
[280.2683,654.2313]
[279.4885,652.5128]
[278.8958,650.7212]
[278.4969,648.8767]
[278.2963,647.0003]
[278.2963,645.1131]
[278.4969,643.2367]
[278.8958,641.3922]
[279.4885,639.6006]
[280.2683,637.8821]
[281.2263,636.2562]
[282.3518,634.7414]
[283.6318,633.3548]
[285.0520,632.1121]
[286.5963,631.0274]
[288.2471,630.1130]
[289.9857,629.3792]
[291.7925,628.8344]
[293.6469,628.4848]
[295.5281,628.3342]
[297.4145,628.3844]
[299.2849,628.6349]
[301.1182,629.0828]
[302.8934,629.7230]
[304.5905,630.5482]
[306.1903,631.5492]
[307.6746,632.7145]
[309.0267,634.0311]
[310.2311,635.4838]
[311.2743,637.0564]
[312.1445,638.7310]
[312.8317,640.4885]
[313.3282,642.3092]
[313.6284,644.1723]
[313.7288,646.0567]
