[285.0371,418.3839,11.1899]
[296.2271,418.3839]
[296.1637,419.5734]
[295.9742,420.7493]
[295.6608,421.8984]
[295.2271,423.0078]
[294.6779,424.0647]
[294.0194,425.0572]
[293.2592,425.9742]
[292.4058,426.8051]
[291.4690,427.5407]
[290.4592,428.1725]
[289.3880,428.6933]
[288.2676,429.0974]
[287.1105,429.3801]
[285.9299,429.5382]
[284.7393,429.5699]
[283.5519,429.4749]
[282.3815,429.2542]
[281.2411,428.9103]
[280.1437,428.4472]
[279.1018,427.8700]
[278.1271,427.1854]
[277.2307,426.4010]
[276.4228,425.5258]
[275.7124,424.5697]
[275.1077,423.5435]
[274.6156,422.4589]
[274.2415,421.3280]
[273.9897,420.1638]
[273.8631,418.9795]
[273.8631,417.7884]
[273.9897,416.6040]
[274.2415,415.4398]
[274.6156,414.3090]
[275.1077,413.2244]
[275.7124,412.1982]
[276.4228,411.2420]
[277.2307,410.3668]
[278.1271,409.5825]
[279.1018,408.8979]
[280.1437,408.3207]
[281.2411,407.8576]
[282.3815,407.5137]
[283.5519,407.2930]
[284.7393,407.1980]
[285.9299,407.2297]
[287.1105,407.3878]
[288.2676,407.6705]
[289.3880,408.0745]
[290.4592,408.5954]
[291.4690,409.2272]
[292.4058,409.9627]
[293.2592,410.7937]
[294.0194,411.7106]
[294.6779,412.7032]
[295.2271,413.7601]
[295.6608,414.8694]
[295.9742,416.0186]
[296.1637,417.1945]
[296.2271,418.3839]
[552.4667,426.4500,12.6330]
[565.0997,426.4500]
[565.0281,427.7928]
[564.8143,429.1204]
[564.4605,430.4178]
[563.9708,431.6702]
[563.3507,432.8634]
[562.6074,433.9840]
[561.7491,435.0192]
[560.7857,435.9573]
[559.7280,436.7877]
[558.5880,437.5010]
[557.3787,438.0890]
[556.1137,438.5452]
[554.8074,438.8643]
[553.4746,439.0428]
[552.1304,439.0786]
[550.7899,438.9713]
[549.4685,438.7222]
[548.1810,438.3339]
[546.9421,437.8111]
[545.7658,437.1595]
[544.6654,436.3866]
[543.6535,435.5011]
[542.7413,434.5130]
[541.9394,433.4336]
[541.2567,432.2750]
[540.7010,431.0505]
[540.2787,429.7738]
[539.9945,428.4595]
[539.8515,427.1224]
[539.8515,425.7777]
[539.9945,424.4406]
[540.2787,423.1262]
[540.7010,421.8496]
[541.2567,420.6250]
[541.9394,419.4665]
[542.7413,418.3871]
[543.6535,417.3990]
[544.6654,416.5135]
[545.7658,415.7406]
[546.9421,415.0890]
[548.1810,414.5661]
[549.4685,414.1779]
[550.7899,413.9288]
[552.1304,413.8215]
[553.4746,413.8573]
[554.8074,414.0357]
[556.1137,414.3549]
[557.3787,414.8111]
[558.5880,415.3991]
[559.7280,416.1124]
[560.7857,416.9428]
[561.7491,417.8809]
[562.6074,418.9161]
[563.3507,420.0367]
[563.9708,421.2299]
[564.4605,422.4823]
[564.8143,423.7796]
[565.0281,425.1072]
[565.0997,426.4500]
[329.0000,508.4840,11.1752]
[340.1752,508.4840]
[340.1119,509.6719]
[339.9227,510.8462]
[339.6097,511.9939]
[339.1765,513.1017]
[338.6280,514.1573]
[337.9705,515.1485]
[337.2112,516.0643]
[336.3590,516.8941]
[335.4234,517.6287]
[334.4149,518.2596]
[333.3452,518.7798]
[332.2262,519.1834]
[331.0706,519.4657]
[329.8916,519.6236]
[328.7025,519.6552]
[327.5168,519.5603]
[326.3478,519.3399]
[325.2089,518.9965]
[324.1130,518.5340]
[323.0724,517.9576]
[322.0990,517.2739]
[321.2038,516.4905]
[320.3970,515.6165]
[319.6876,514.6617]
[319.0837,513.6368]
[318.5921,512.5536]
[318.2185,511.4242]
[317.9671,510.2616]
[317.8406,509.0788]
[317.8406,507.8892]
[317.9671,506.7064]
[318.2185,505.5438]
[318.5921,504.4144]
[319.0837,503.3312]
[319.6876,502.3064]
[320.3970,501.3515]
[321.2038,500.4775]
[322.0990,499.6941]
[323.0724,499.0104]
[324.1130,498.4340]
[325.2089,497.9715]
[326.3478,497.6281]
[327.5168,497.4077]
[328.7025,497.3128]
[329.8916,497.3444]
[331.0706,497.5023]
[332.2262,497.7846]
[333.3452,498.1882]
[334.4149,498.7084]
[335.4234,499.3393]
[336.3590,500.0739]
[337.2112,500.9037]
[337.9705,501.8195]
[338.6280,502.8107]
[339.1765,503.8663]
[339.6097,504.9741]
[339.9227,506.1218]
[340.1119,507.2962]
[340.1752,508.4840]
[542.5389,592.5155,11.1708]
[553.7098,592.5155]
[553.6465,593.7029]
[553.4574,594.8769]
[553.1445,596.0240]
[552.7115,597.1315]
[552.1632,598.1866]
[551.5059,599.1775]
[550.7470,600.0929]
[549.8951,600.9224]
[548.9598,601.6567]
[547.9518,602.2874]
[546.8824,602.8074]
[545.7639,603.2108]
[544.6088,603.4929]
[543.4302,603.6508]
[542.2416,603.6824]
[541.0563,603.5876]
[539.8878,603.3672]
[538.7494,603.0240]
[537.6538,602.5616]
[536.6137,601.9854]
[535.6407,601.3020]
[534.7458,600.5190]
[533.9392,599.6453]
[533.2301,598.6908]
[532.6265,597.6663]
[532.1351,596.5835]
[531.7617,595.4546]
[531.5103,594.2924]
[531.3839,593.1101]
[531.3839,591.9210]
[531.5103,590.7387]
[531.7617,589.5765]
[532.1351,588.4476]
[532.6265,587.3648]
[533.2301,586.3403]
[533.9392,585.3858]
[534.7458,584.5121]
[535.6407,583.7291]
[536.6137,583.0456]
[537.6538,582.4695]
[538.7494,582.0071]
[539.8878,581.6639]
[541.0563,581.4435]
[542.2416,581.3487]
[543.4302,581.3803]
[544.6088,581.5381]
[545.7639,581.8203]
[546.8824,582.2237]
[547.9518,582.7437]
[548.9598,583.3744]
[549.8951,584.1087]
[550.7470,584.9382]
[551.5059,585.8536]
[552.1632,586.8445]
[552.7115,587.8996]
[553.1445,589.0070]
[553.4574,590.1542]
[553.6465,591.3282]
[553.7098,592.5155]
[273.2206,605.5180,20.0365]
[293.2571,605.5180]
[293.1436,607.6477]
[292.8043,609.7534]
[292.2432,611.8110]
[291.4665,613.7973]
[290.4831,615.6898]
[289.3041,617.4671]
[287.9429,619.1090]
[286.4149,620.5969]
[284.7373,621.9139]
[282.9293,623.0452]
[281.0113,623.9779]
[279.0050,624.7014]
[276.9331,625.2075]
[274.8192,625.4906]
[272.6872,625.5474]
[270.5612,625.3772]
[268.4654,624.9821]
[266.4234,624.3663]
[264.4585,623.5371]
[262.5928,622.5036]
[260.8476,621.2777]
[259.2425,619.8733]
[257.7958,618.3062]
[256.5239,616.5942]
[255.4412,614.7567]
[254.5599,612.8145]
[253.8900,610.7897]
[253.4392,608.7051]
[253.2125,606.5844]
[253.2125,604.4516]
[253.4392,602.3309]
[253.8900,600.2463]
[254.5599,598.2215]
[255.4412,596.2793]
[256.5239,594.4418]
[257.7958,592.7298]
[259.2425,591.1627]
[260.8476,589.7583]
[262.5928,588.5324]
[264.4585,587.4989]
[266.4234,586.6697]
[268.4654,586.0539]
[270.5612,585.6588]
[272.6872,585.4886]
[274.8192,585.5454]
[276.9331,585.8284]
[279.0050,586.3346]
[281.0113,587.0581]
[282.9293,587.9908]
[284.7373,589.1221]
[286.4149,590.4391]
[287.9429,591.9270]
[289.3041,593.5689]
[290.4831,595.3462]
[291.4665,597.2387]
[292.2432,599.2250]
[292.8043,601.2826]
[293.1436,603.3882]
[293.2571,605.5180]
