[320.8904,399.5095,10.2075]
[331.0980,399.5095]
[331.0401,400.5945]
[330.8673,401.6672]
[330.5814,402.7155]
[330.1858,403.7274]
[329.6848,404.6915]
[329.0841,405.5970]
[328.3907,406.4334]
[327.6122,407.1914]
[326.7576,407.8624]
[325.8365,408.4387]
[324.8594,408.9138]
[323.8373,409.2824]
[322.7818,409.5403]
[321.7048,409.6845]
[320.6187,409.7134]
[319.5356,409.6267]
[318.4679,409.4254]
[317.4276,409.1118]
[316.4266,408.6893]
[315.4761,408.1628]
[314.5870,407.5383]
[313.7693,406.8228]
[313.0323,406.0244]
[312.3843,405.1522]
[311.8327,404.2161]
[311.3838,403.2267]
[311.0425,402.1952]
[310.8129,401.1332]
[310.6974,400.0528]
[310.6974,398.9663]
[310.8129,397.8859]
[311.0425,396.8239]
[311.3838,395.7923]
[311.8327,394.8029]
[312.3843,393.8668]
[313.0323,392.9946]
[313.7693,392.1963]
[314.5870,391.4808]
[315.4761,390.8562]
[316.4266,390.3298]
[317.4276,389.9073]
[318.4679,389.5936]
[319.5356,389.3923]
[320.6187,389.3056]
[321.7048,389.3345]
[322.7818,389.4787]
[323.8373,389.7366]
[324.8594,390.1052]
[325.8365,390.5804]
[326.7576,391.1567]
[327.6122,391.8276]
[328.3907,392.5856]
[329.0841,393.4221]
[329.6848,394.3275]
[330.1858,395.2916]
[330.5814,396.3036]
[330.8673,397.3518]
[331.0401,398.4245]
[331.0980,399.5095]
[507.0101,407.7482,13.5104]
[520.5204,407.7482]
[520.4439,409.1843]
[520.2152,410.6041]
[519.8368,411.9915]
[519.3131,413.3309]
[518.6500,414.6070]
[517.8550,415.8054]
[516.9372,416.9125]
[515.9068,417.9157]
[514.7757,418.8038]
[513.5565,419.5666]
[512.2632,420.1955]
[510.9104,420.6834]
[509.5134,421.0247]
[508.0880,421.2155]
[506.6504,421.2538]
[505.2169,421.1391]
[503.8037,420.8726]
[502.4269,420.4574]
[501.1019,419.8983]
[499.8439,419.2014]
[498.6671,418.3748]
[497.5848,417.4278]
[496.6094,416.3712]
[495.7517,415.2168]
[495.0217,413.9778]
[494.4274,412.6682]
[493.9757,411.3029]
[493.6717,409.8972]
[493.5189,408.4673]
[493.5189,407.0292]
[493.6717,405.5992]
[493.9757,404.1936]
[494.4274,402.8283]
[495.0217,401.5187]
[495.7517,400.2797]
[496.6094,399.1253]
[497.5848,398.0687]
[498.6671,397.1217]
[499.8439,396.2951]
[501.1019,395.5982]
[502.4269,395.0391]
[503.8037,394.6239]
[505.2169,394.3574]
[506.6504,394.2427]
[508.0880,394.2810]
[509.5134,394.4718]
[510.9104,394.8131]
[512.2632,395.3010]
[513.5565,395.9299]
[514.7757,396.6927]
[515.9068,397.5807]
[516.9372,398.5840]
[517.8550,399.6911]
[518.6500,400.8895]
[519.3131,402.1656]
[519.8368,403.5050]
[520.2152,404.8924]
[520.4439,406.3122]
[520.5204,407.7482]
[547.4714,597.0378,10.9923]
[558.4637,597.0378]
[558.4014,598.2062]
[558.2153,599.3614]
[557.9075,600.4902]
[557.4814,601.5800]
[556.9419,602.6182]
[556.2950,603.5933]
[555.5483,604.4940]
[554.7100,605.3103]
[553.7896,606.0328]
[552.7977,606.6535]
[551.7455,607.1651]
[550.6448,607.5621]
[549.5081,607.8398]
[548.3484,607.9951]
[547.1788,608.0262]
[546.0124,607.9329]
[544.8626,607.7161]
[543.7424,607.3783]
[542.6644,606.9233]
[541.6408,606.3564]
[540.6834,605.6838]
[539.8028,604.9133]
[539.0091,604.0536]
[538.3113,603.1143]
[537.7173,602.1063]
[537.2338,601.0408]
[536.8663,599.9299]
[536.6190,598.7863]
[536.4946,597.6228]
[536.4946,596.4528]
[536.6190,595.2893]
[536.8663,594.1457]
[537.2338,593.0348]
[537.7173,591.9693]
[538.3113,590.9612]
[539.0091,590.0220]
[539.8028,589.1623]
[540.6834,588.3918]
[541.6408,587.7192]
[542.6644,587.1523]
[543.7424,586.6973]
[544.8626,586.3595]
[546.0124,586.1427]
[547.1788,586.0494]
[548.3484,586.0805]
[549.5081,586.2358]
[550.6448,586.5135]
[551.7455,586.9104]
[552.7977,587.4221]
[553.7896,588.0427]
[554.7100,588.7653]
[555.5483,589.5816]
[556.2950,590.4823]
[556.9419,591.4574]
[557.4814,592.4956]
[557.9075,593.5854]
[558.2153,594.7142]
[558.4014,595.8694]
[558.4637,597.0378]
[300.2013,609.2241,10.9808]
[311.1821,609.2241]
[311.1199,610.3913]
[310.9340,611.5453]
[310.6265,612.6730]
[310.2008,613.7616]
[309.6619,614.7987]
[309.0158,615.7728]
[308.2697,616.6726]
[307.4323,617.4880]
[306.5130,618.2098]
[305.5221,618.8298]
[304.4709,619.3409]
[303.3714,619.7374]
[302.2359,620.0148]
[301.0774,620.1700]
[299.9090,620.2011]
[298.7439,620.1078]
[297.5953,619.8912]
[296.4762,619.5538]
[295.3993,619.0993]
[294.3769,618.5330]
[293.4204,617.8611]
[292.5408,617.0914]
[291.7479,616.2326]
[291.0508,615.2943]
[290.4575,614.2873]
[289.9745,613.2229]
[289.6074,612.1132]
[289.3603,610.9708]
[289.2361,609.8086]
[289.2361,608.6397]
[289.3603,607.4775]
[289.6074,606.3351]
[289.9745,605.2254]
[290.4575,604.1610]
[291.0508,603.1540]
[291.7479,602.2157]
[292.5408,601.3569]
[293.4204,600.5872]
[294.3769,599.9153]
[295.3993,599.3490]
[296.4762,598.8945]
[297.5953,598.5571]
[298.7439,598.3405]
[299.9090,598.2472]
[301.0774,598.2783]
[302.2359,598.4335]
[303.3714,598.7109]
[304.4709,599.1074]
[305.5221,599.6185]
[306.5130,600.2385]
[307.4323,600.9603]
[308.2697,601.7757]
[309.0158,602.6755]
[309.6619,603.6496]
[310.2008,604.6867]
[310.6265,605.7753]
[310.9340,606.9030]
[311.1199,608.0570]
[311.1821,609.2241]
