[398.2541,419.8172,11.1746]
[409.4287,419.8172]
[409.3654,421.0050]
[409.1762,422.1793]
[408.8633,423.3269]
[408.4301,424.4347]
[407.8817,425.4902]
[407.2241,426.4814]
[406.4649,427.3971]
[405.6127,428.2269]
[404.6771,428.9614]
[403.6688,429.5924]
[402.5991,430.1125]
[401.4801,430.5160]
[400.3246,430.7983]
[399.1457,430.9562]
[397.9566,430.9879]
[396.7710,430.8930]
[395.6021,430.6726]
[394.4633,430.3292]
[393.3674,429.8667]
[392.3269,429.2903]
[391.3535,428.6066]
[390.4584,427.8234]
[389.6515,426.9494]
[388.9422,425.9946]
[388.3383,424.9698]
[387.8468,423.8866]
[387.4732,422.7573]
[387.2218,421.5947]
[387.0953,420.4120]
[387.0953,419.2225]
[387.2218,418.0398]
[387.4732,416.8772]
[387.8468,415.7479]
[388.3383,414.6647]
[388.9422,413.6399]
[389.6515,412.6851]
[390.4584,411.8111]
[391.3535,411.0278]
[392.3269,410.3441]
[393.3674,409.7678]
[394.4633,409.3053]
[395.6021,408.9619]
[396.7710,408.7415]
[397.9566,408.6466]
[399.1457,408.6782]
[400.3246,408.8361]
[401.4801,409.1184]
[402.5991,409.5219]
[403.6688,410.0421]
[404.6771,410.6730]
[405.6127,411.4075]
[406.4649,412.2374]
[407.2241,413.1531]
[407.8817,414.1443]
[408.4301,415.1997]
[408.8633,416.3075]
[409.1762,417.4551]
[409.3654,418.6294]
[409.4287,419.8172]
[295.0501,526.7209,15.2945]
[310.3446,526.7209]
[310.2579,528.3466]
[309.9990,529.9538]
[309.5707,531.5245]
[308.9778,533.0407]
[308.2271,534.4853]
[307.3272,535.8420]
[306.2881,537.0953]
[305.1217,538.2310]
[303.8412,539.2364]
[302.4611,540.0999]
[300.9970,540.8119]
[299.4655,541.3641]
[297.8840,541.7505]
[296.2704,541.9666]
[294.6430,542.0099]
[293.0201,541.8800]
[291.4203,541.5784]
[289.8616,541.1084]
[288.3617,540.4754]
[286.9376,539.6865]
[285.6054,538.7508]
[284.3802,537.6787]
[283.2759,536.4825]
[282.3050,535.1757]
[281.4785,533.7730]
[280.8058,532.2905]
[280.2945,530.7449]
[279.9503,529.1537]
[279.7773,527.5349]
[279.7773,525.9069]
[279.9503,524.2881]
[280.2945,522.6968]
[280.8058,521.1512]
[281.4785,519.6687]
[282.3050,518.2661]
[283.2759,516.9592]
[284.3802,515.7630]
[285.6054,514.6910]
[286.9376,513.7552]
[288.3617,512.9663]
[289.8616,512.3333]
[291.4203,511.8633]
[293.0201,511.5617]
[294.6430,511.4318]
[296.2704,511.4751]
[297.8840,511.6912]
[299.4655,512.0776]
[300.9970,512.6299]
[302.4611,513.3418]
[303.8412,514.2053]
[305.1217,515.2107]
[306.2881,516.3464]
[307.3272,517.5997]
[308.2271,518.9564]
[308.9778,520.4010]
[309.5707,521.9172]
[309.9990,523.4879]
[310.2579,525.0952]
[310.3446,526.7209]
[556.0258,530.3824,10.9620]
[566.9878,530.3824]
[566.9257,531.5476]
[566.7401,532.6996]
[566.4331,533.8253]
[566.0082,534.9120]
[565.4702,535.9474]
[564.8252,536.9198]
[564.0804,537.8181]
[563.2444,538.6321]
[562.3267,539.3526]
[561.3375,539.9716]
[560.2881,540.4818]
[559.1905,540.8777]
[558.0570,541.1546]
[556.9004,541.3095]
[555.7340,541.3405]
[554.5709,541.2474]
[553.4242,541.0312]
[552.3071,540.6944]
[551.2321,540.2407]
[550.2113,539.6753]
[549.2565,539.0046]
[548.3784,538.2362]
[547.5869,537.3788]
[546.8910,536.4422]
[546.2987,535.4369]
[545.8165,534.3743]
[545.4500,533.2665]
[545.2034,532.1261]
[545.0793,530.9658]
[545.0793,529.7990]
[545.2034,528.6387]
[545.4500,527.4983]
[545.8165,526.3905]
[546.2987,525.3279]
[546.8910,524.3226]
[547.5869,523.3860]
[548.3784,522.5286]
[549.2565,521.7602]
[550.2113,521.0895]
[551.2321,520.5241]
[552.3071,520.0704]
[553.4242,519.7336]
[554.5709,519.5174]
[555.7340,519.4243]
[556.9004,519.4553]
[558.0570,519.6102]
[559.1905,519.8871]
[560.2881,520.2830]
[561.3375,520.7932]
[562.3267,521.4121]
[563.2444,522.1327]
[564.0804,522.9467]
[564.8252,523.8450]
[565.4702,524.8174]
[566.0082,525.8528]
[566.4331,526.9395]
[566.7401,528.0652]
[566.9257,529.2172]
[566.9878,530.3824]
[404.0491,620.7064,15.1737]
[419.2229,620.7064]
[419.1369,622.3193]
[418.8800,623.9139]
[418.4550,625.4721]
[417.8669,626.9764]
[417.1221,628.4096]
[416.2293,629.7555]
[415.1984,630.9989]
[414.0412,632.1257]
[412.7708,633.1231]
[411.4016,633.9798]
[409.9490,634.6861]
[408.4297,635.2341]
[406.8606,635.6174]
[405.2598,635.8318]
[403.6452,635.8748]
[402.0352,635.7459]
[400.4480,635.4466]
[398.9016,634.9803]
[397.4135,634.3523]
[396.0006,633.5697]
[394.6790,632.6413]
[393.4634,631.5777]
[392.3678,630.3910]
[391.4046,629.0944]
[390.5847,627.7029]
[389.9173,626.2321]
[389.4100,624.6986]
[389.0686,623.1200]
[388.8969,621.5140]
[388.8969,619.8988]
[389.0686,618.2928]
[389.4100,616.7141]
[389.9173,615.1807]
[390.5847,613.7099]
[391.4046,612.3183]
[392.3678,611.0218]
[393.4634,609.8351]
[394.6790,608.7715]
[396.0006,607.8431]
[397.4135,607.0605]
[398.9016,606.4324]
[400.4480,605.9662]
[402.0352,605.6669]
[403.6452,605.5380]
[405.2598,605.5810]
[406.8606,605.7954]
[408.4297,606.1787]
[409.9490,606.7266]
[411.4016,607.4330]
[412.7708,608.2897]
[414.0412,609.2871]
[415.1984,610.4139]
[416.2293,611.6573]
[417.1221,613.0032]
[417.8669,614.4364]
[418.4550,615.9407]
[418.8800,617.4989]
[419.1369,619.0935]
[419.2229,620.7064]
