[528.5366,406.4269,11.1212]
[539.6578,406.4269]
[539.5948,407.6090]
[539.4065,408.7777]
[539.0951,409.9198]
[538.6640,411.0223]
[538.1181,412.0728]
[537.4637,413.0592]
[536.7082,413.9706]
[535.8601,414.7964]
[534.9289,415.5274]
[533.9254,416.1554]
[532.8608,416.6730]
[531.7472,417.0746]
[530.5972,417.3556]
[529.4239,417.5127]
[528.2405,417.5442]
[527.0605,417.4498]
[525.8972,417.2304]
[524.7638,416.8887]
[523.6732,416.4284]
[522.6376,415.8548]
[521.6689,415.1743]
[520.7781,414.3948]
[519.9751,413.5250]
[519.2691,412.5747]
[518.6681,411.5548]
[518.1790,410.4768]
[517.8072,409.3529]
[517.5569,408.1959]
[517.4311,407.0188]
[517.4311,405.8350]
[517.5569,404.6579]
[517.8072,403.5009]
[518.1790,402.3770]
[518.6681,401.2990]
[519.2691,400.2791]
[519.9751,399.3288]
[520.7781,398.4590]
[521.6689,397.6795]
[522.6376,396.9990]
[523.6732,396.4254]
[524.7638,395.9651]
[525.8972,395.6234]
[527.0605,395.4040]
[528.2405,395.3096]
[529.4239,395.3411]
[530.5972,395.4982]
[531.7472,395.7792]
[532.8608,396.1808]
[533.9254,396.6984]
[534.9289,397.3264]
[535.8601,398.0574]
[536.7082,398.8832]
[537.4637,399.7946]
[538.1181,400.7810]
[538.6640,401.8315]
[539.0951,402.9340]
[539.4065,404.0761]
[539.5948,405.2448]
[539.6578,406.4269]
[321.5459,407.6376,11.1391]
[332.6850,407.6376]
[332.6219,408.8216]
[332.4333,409.9922]
[332.1213,411.1361]
[331.6896,412.2404]
[331.1429,413.2925]
[330.4874,414.2806]
[329.7306,415.1934]
[328.8811,416.0205]
[327.9485,416.7527]
[326.9434,417.3817]
[325.8771,417.9002]
[324.7617,418.3024]
[323.6099,418.5838]
[322.4347,418.7412]
[321.2494,418.7727]
[320.0675,418.6781]
[318.9023,418.4584]
[317.7671,418.1161]
[316.6747,417.6551]
[315.6375,417.0806]
[314.6672,416.3991]
[313.7749,415.6183]
[312.9706,414.7470]
[312.2635,413.7953]
[311.6616,412.7737]
[311.1717,411.6940]
[310.7993,410.5683]
[310.5486,409.4094]
[310.4226,408.2304]
[310.4226,407.0447]
[310.5486,405.8658]
[310.7993,404.7068]
[311.1717,403.5812]
[311.6616,402.5014]
[312.2635,401.4799]
[312.9706,400.5281]
[313.7749,399.6569]
[314.6672,398.8761]
[315.6375,398.1946]
[316.6747,397.6200]
[317.7671,397.1590]
[318.9023,396.8167]
[320.0675,396.5970]
[321.2494,396.5024]
[322.4347,396.5340]
[323.6099,396.6914]
[324.7617,396.9727]
[325.8771,397.3750]
[326.9434,397.8935]
[327.9485,398.5224]
[328.8811,399.2546]
[329.7306,400.0818]
[330.4874,400.9946]
[331.1429,401.9826]
[331.6896,403.0348]
[332.1213,404.1390]
[332.4333,405.2830]
[332.6219,406.4536]
[332.6850,407.6376]
[524.0000,657.0000,11.0036]
[535.0036,657.0000]
[534.9412,658.1696]
[534.7549,659.3260]
[534.4468,660.4560]
[534.0202,661.5468]
[533.4802,662.5861]
[532.8327,663.5622]
[532.0851,664.4638]
[531.2460,665.2810]
[530.3247,666.0042]
[529.3318,666.6255]
[528.2785,667.1377]
[527.1766,667.5351]
[526.0388,667.8130]
[524.8779,667.9685]
[523.7071,667.9997]
[522.5395,667.9062]
[521.3886,667.6892]
[520.2672,667.3511]
[519.1881,666.8956]
[518.1635,666.3281]
[517.2050,665.6549]
[516.3236,664.8836]
[515.5291,664.0230]
[514.8306,663.0828]
[514.2360,662.0737]
[513.7520,661.0071]
[513.3841,659.8951]
[513.1365,658.7503]
[513.0120,657.5856]
[513.0120,656.4144]
[513.1365,655.2497]
[513.3841,654.1049]
[513.7520,652.9929]
[514.2360,651.9263]
[514.8306,650.9172]
[515.5291,649.9770]
[516.3236,649.1164]
[517.2050,648.3451]
[518.1635,647.6719]
[519.1881,647.1044]
[520.2672,646.6489]
[521.3886,646.3108]
[522.5395,646.0938]
[523.7071,646.0003]
[524.8779,646.0315]
[526.0388,646.1870]
[527.1766,646.4649]
[528.2785,646.8623]
[529.3318,647.3745]
[530.3247,647.9958]
[531.2460,648.7190]
[532.0851,649.5362]
[532.8327,650.4378]
[533.4802,651.4139]
[534.0202,652.4532]
[534.4468,653.5440]
[534.7549,654.6740]
[534.9412,655.8304]
[535.0036,657.0000]
[323.4782,660.4785,17.8154]
[341.2935,660.4785]
[341.1926,662.3721]
[340.8910,664.2443]
[340.3920,666.0739]
[339.7015,667.8400]
[338.8271,669.5227]
[337.7788,671.1030]
[336.5684,672.5628]
[335.2098,673.8858]
[333.7182,675.0568]
[332.1106,676.0627]
[330.4052,676.8920]
[328.6213,677.5353]
[326.7792,677.9853]
[324.8996,678.2370]
[323.0039,678.2875]
[321.1136,678.1362]
[319.2501,677.7848]
[317.4345,677.2374]
[315.6874,676.5000]
[314.0285,675.5812]
[312.4767,674.4912]
[311.0496,673.2424]
[309.7633,671.8490]
[308.6324,670.3268]
[307.6697,668.6930]
[306.8861,666.9661]
[306.2905,665.1657]
[305.8896,663.3122]
[305.6881,661.4266]
[305.6881,659.5303]
[305.8896,657.6447]
[306.2905,655.7912]
[306.8861,653.9908]
[307.6697,652.2639]
[308.6324,650.6301]
[309.7633,649.1079]
[311.0496,647.7145]
[312.4767,646.4658]
[314.0285,645.3758]
[315.6874,644.4569]
[317.4345,643.7195]
[319.2501,643.1721]
[321.1136,642.8207]
[323.0039,642.6694]
[324.8996,642.7199]
[326.7792,642.9716]
[328.6213,643.4216]
[330.4052,644.0650]
[332.1106,644.8942]
[333.7182,645.9001]
[335.2098,647.0711]
[336.5684,648.3941]
[337.7788,649.8540]
[338.8271,651.4342]
[339.7015,653.1169]
[340.3920,654.8831]
[340.8910,656.7126]
[341.1926,658.5848]
[341.2935,660.4785]
