[529.0467,454.4847,17.6988]
[546.7455,454.4847]
[546.6452,456.3660]
[546.3456,458.2259]
[545.8499,460.0435]
[545.1638,461.7980]
[544.2952,463.4698]
[543.2537,465.0397]
[542.0513,466.4900]
[540.7016,467.8043]
[539.2198,468.9676]
[537.6227,469.9669]
[535.9284,470.7908]
[534.1562,471.4299]
[532.3261,471.8770]
[530.4588,472.1270]
[528.5756,472.1772]
[526.6977,472.0269]
[524.8463,471.6778]
[523.0426,471.1339]
[521.3069,470.4014]
[519.6589,469.4885]
[518.1173,468.4057]
[516.6995,467.1651]
[515.4216,465.7808]
[514.2981,464.2686]
[513.3417,462.6455]
[512.5632,460.9299]
[511.9715,459.1413]
[511.5733,457.2999]
[511.3731,455.4267]
[511.3731,453.5427]
[511.5733,451.6695]
[511.9715,449.8281]
[512.5632,448.0395]
[513.3417,446.3239]
[514.2981,444.7008]
[515.4216,443.1886]
[516.6995,441.8043]
[518.1173,440.5637]
[519.6589,439.4808]
[521.3069,438.5680]
[523.0426,437.8355]
[524.8463,437.2916]
[526.6977,436.9425]
[528.5756,436.7922]
[530.4588,436.8424]
[532.3261,437.0924]
[534.1562,437.5395]
[535.9284,438.1786]
[537.6227,439.0025]
[539.2198,440.0017]
[540.7016,441.1651]
[542.0513,442.4794]
[543.2537,443.9297]
[544.2952,445.4996]
[545.1638,447.1714]
[545.8499,448.9259]
[546.3456,450.7435]
[546.6452,452.6034]
[546.7455,454.4847]
[364.4281,458.5060,12.8281]
[377.2562,458.5060]
[377.1835,459.8695]
[376.9663,461.2176]
[376.6071,462.5350]
[376.1098,463.8067]
[375.4802,465.0184]
[374.7254,466.1562]
[373.8539,467.2074]
[372.8756,468.1600]
[371.8015,469.0032]
[370.6440,469.7275]
[369.4160,470.3246]
[368.1315,470.7879]
[366.8050,471.1119]
[365.4516,471.2932]
[364.0866,471.3295]
[362.7255,471.2206]
[361.3837,470.9676]
[360.0763,470.5734]
[358.8183,470.0424]
[357.6238,469.3808]
[356.5065,468.5959]
[355.4788,467.6967]
[354.5526,466.6934]
[353.7383,465.5973]
[353.0451,464.4209]
[352.4809,463.1775]
[352.0520,461.8811]
[351.7634,460.5465]
[351.6182,459.1887]
[351.6182,457.8232]
[351.7634,456.4655]
[352.0520,455.1309]
[352.4809,453.8345]
[353.0451,452.5910]
[353.7383,451.4146]
[354.5526,450.3185]
[355.4788,449.3152]
[356.5065,448.4160]
[357.6238,447.6312]
[358.8183,446.9695]
[360.0763,446.4386]
[361.3837,446.0444]
[362.7255,445.7914]
[364.0866,445.6824]
[365.4516,445.7188]
[366.8050,445.9000]
[368.1315,446.2241]
[369.4160,446.6873]
[370.6440,447.2844]
[371.8015,448.0087]
[372.8756,448.8519]
[373.8539,449.8045]
[374.7254,450.8557]
[375.4802,451.9936]
[376.1098,453.2053]
[376.6071,454.4770]
[376.9663,455.7943]
[377.1835,457.1424]
[377.2562,458.5060]
[269.0431,637.4872,17.6292]
[286.6722,637.4872]
[286.5723,639.3611]
[286.2739,641.2137]
[285.7801,643.0241]
[285.0968,644.7718]
[284.2315,646.4369]
[283.1942,648.0007]
[281.9965,649.4453]
[280.6521,650.7544]
[279.1761,651.9132]
[277.5853,652.9086]
[275.8977,653.7292]
[274.1325,654.3658]
[272.3095,654.8111]
[270.4496,655.0602]
[268.5738,655.1101]
[266.7032,654.9604]
[264.8592,654.6127]
[263.0626,654.0710]
[261.3337,653.3413]
[259.6922,652.4321]
[258.1566,651.3535]
[256.7444,650.1177]
[255.4715,648.7389]
[254.3524,647.2326]
[253.3998,645.6159]
[252.6244,643.9071]
[252.0350,642.1255]
[251.6383,640.2914]
[251.4389,638.4255]
[251.4389,636.5490]
[251.6383,634.6831]
[252.0350,632.8489]
[252.6244,631.0674]
[253.3998,629.3585]
[254.3524,627.7418]
[255.4715,626.2355]
[256.7444,624.8567]
[258.1566,623.6210]
[259.6922,622.5424]
[261.3337,621.6331]
[263.0626,620.9035]
[264.8592,620.3617]
[266.7032,620.0140]
[268.5738,619.8643]
[270.4496,619.9143]
[272.3095,620.1633]
[274.1325,620.6087]
[275.8977,621.2453]
[277.5853,622.0659]
[279.1761,623.0612]
[280.6521,624.2200]
[281.9965,625.5291]
[283.1942,626.9738]
[284.2315,628.5375]
[285.0968,630.2026]
[285.7801,631.9503]
[286.2739,633.7607]
[286.5723,635.6134]
[286.6722,637.4872]
[526.5455,640.4576,12.8139]
[539.3594,640.4576]
[539.2868,641.8196]
[539.0699,643.1662]
[538.7110,644.4822]
[538.2143,645.7525]
[537.5854,646.9628]
[536.8314,648.0994]
[535.9609,649.1494]
[534.9836,650.1010]
[533.9108,650.9433]
[532.7545,651.6667]
[531.5279,652.2632]
[530.2448,652.7259]
[528.9198,653.0496]
[527.5679,653.2307]
[526.2044,653.2670]
[524.8448,653.1582]
[523.5044,652.9054]
[522.1985,652.5117]
[520.9419,651.9813]
[519.7488,651.3204]
[518.6326,650.5364]
[517.6061,649.6382]
[516.6809,648.6360]
[515.8675,647.5411]
[515.1751,646.3660]
[514.6115,645.1239]
[514.1831,643.8290]
[513.8948,642.4958]
[513.7498,641.1396]
[513.7498,639.7756]
[513.8948,638.4194]
[514.1831,637.0862]
[514.6115,635.7913]
[515.1751,634.5492]
[515.8675,633.3741]
[516.6809,632.2792]
[517.6061,631.2770]
[518.6326,630.3788]
[519.7488,629.5948]
[520.9419,628.9339]
[522.1985,628.4036]
[523.5044,628.0098]
[524.8448,627.7571]
[526.2044,627.6482]
[527.5679,627.6845]
[528.9198,627.8656]
[530.2448,628.1893]
[531.5279,628.6520]
[532.7545,629.2485]
[533.9108,629.9719]
[534.9836,630.8142]
[535.9609,631.7658]
[536.8314,632.8158]
[537.5854,633.9524]
[538.2143,635.1627]
[538.7110,636.4331]
[539.0699,637.7490]
[539.2868,639.0956]
[539.3594,640.4576]
