[541.4660,406.5000,12.8245]
[554.2905,406.5000]
[554.2178,407.8632]
[554.0007,409.2109]
[553.6415,410.5279]
[553.1444,411.7992]
[552.5150,413.0105]
[551.7603,414.1481]
[550.8891,415.1990]
[549.9111,416.1513]
[548.8373,416.9943]
[547.6801,417.7184]
[546.4525,418.3153]
[545.1683,418.7784]
[543.8422,419.1024]
[542.4892,419.2836]
[541.1246,419.3199]
[539.7639,419.2110]
[538.4224,418.9581]
[537.1154,418.5640]
[535.8578,418.0332]
[534.6636,417.3717]
[533.5466,416.5871]
[532.5193,415.6882]
[531.5933,414.6851]
[530.7792,413.5894]
[530.0862,412.4133]
[529.5221,411.1702]
[529.0934,409.8741]
[528.8048,408.5399]
[528.6597,407.1825]
[528.6597,405.8175]
[528.8048,404.4601]
[529.0934,403.1259]
[529.5221,401.8298]
[530.0862,400.5867]
[530.7792,399.4106]
[531.5933,398.3149]
[532.5193,397.3118]
[533.5466,396.4129]
[534.6636,395.6283]
[535.8578,394.9668]
[537.1154,394.4360]
[538.4224,394.0419]
[539.7639,393.7890]
[541.1246,393.6801]
[542.4892,393.7164]
[543.8422,393.8976]
[545.1683,394.2216]
[546.4525,394.6847]
[547.6801,395.2816]
[548.8373,396.0057]
[549.9111,396.8487]
[550.8891,397.8010]
[551.7603,398.8519]
[552.5150,399.9895]
[553.1444,401.2008]
[553.6415,402.4721]
[554.0007,403.7891]
[554.2178,405.1368]
[554.2905,406.5000]
[345.5051,516.5658,22.7207]
[368.2258,516.5658]
[368.0971,518.9809]
[367.7124,521.3686]
[367.0761,523.7019]
[366.1953,525.9543]
[365.0802,528.1004]
[363.7433,530.1157]
[362.1997,531.9776]
[360.4669,533.6648]
[358.5647,535.1583]
[356.5144,536.4411]
[354.3394,537.4987]
[352.0644,538.3192]
[349.7150,538.8931]
[347.3179,539.2141]
[344.9002,539.2785]
[342.4895,539.0855]
[340.1128,538.6374]
[337.7973,537.9392]
[335.5691,536.9989]
[333.4535,535.8270]
[331.4745,534.4369]
[329.6544,532.8442]
[328.0139,531.0672]
[326.5716,529.1259]
[325.3438,527.0422]
[324.3445,524.8398]
[323.5849,522.5437]
[323.0736,520.1799]
[322.8166,517.7751]
[322.8166,515.3566]
[323.0736,512.9518]
[323.5849,510.5880]
[324.3445,508.2919]
[325.3438,506.0895]
[326.5716,504.0058]
[328.0139,502.0645]
[329.6544,500.2874]
[331.4745,498.6948]
[333.4535,497.3047]
[335.5691,496.1328]
[337.7973,495.1925]
[340.1128,494.4943]
[342.4895,494.0461]
[344.9002,493.8532]
[347.3179,493.9176]
[349.7150,494.2386]
[352.0644,494.8125]
[354.3394,495.6330]
[356.5144,496.6906]
[358.5647,497.9734]
[360.4669,499.4669]
[362.1997,501.1541]
[363.7433,503.0159]
[365.0802,505.0313]
[366.1953,507.1774]
[367.0761,509.4298]
[367.7124,511.7631]
[368.0971,514.1508]
[368.2258,516.5658]
[530.8512,650.1857,12.7195]
[543.5707,650.1857]
[543.4986,651.5377]
[543.2833,652.8744]
[542.9270,654.1806]
[542.4340,655.4416]
[541.8097,656.6430]
[541.0613,657.7712]
[540.1971,658.8135]
[539.2271,659.7581]
[538.1622,660.5941]
[537.0144,661.3123]
[535.7968,661.9044]
[534.5232,662.3637]
[533.2080,662.6850]
[531.8660,662.8647]
[530.5126,662.9007]
[529.1630,662.7927]
[527.8325,662.5418]
[526.5363,662.1510]
[525.2889,661.6245]
[524.1045,660.9685]
[522.9966,660.1903]
[521.9777,659.2987]
[521.0593,658.3039]
[520.2519,657.2171]
[519.5645,656.0506]
[519.0051,654.8177]
[518.5799,653.5323]
[518.2937,652.2090]
[518.1497,650.8627]
[518.1497,649.5088]
[518.2937,648.1625]
[518.5799,646.8392]
[519.0051,645.5538]
[519.5645,644.3209]
[520.2519,643.1544]
[521.0593,642.0676]
[521.9777,641.0728]
[522.9966,640.1812]
[524.1045,639.4030]
[525.2889,638.7470]
[526.5363,638.2205]
[527.8325,637.8297]
[529.1630,637.5788]
[530.5126,637.4708]
[531.8660,637.5068]
[533.2080,637.6865]
[534.5232,638.0078]
[535.7968,638.4671]
[537.0144,639.0592]
[538.1622,639.7774]
[539.2271,640.6134]
[540.1971,641.5580]
[541.0613,642.6003]
[541.8097,643.7285]
[542.4340,644.9299]
[542.9270,646.1909]
[543.2833,647.4971]
[543.4986,648.8338]
[543.5707,650.1857]
