[326.0509,476.2158,11.1203]
[337.1712,476.2158]
[337.1082,477.3978]
[336.9199,478.5664]
[336.6085,479.7084]
[336.1775,480.8108]
[335.6317,481.8612]
[334.9773,482.8475]
[334.2218,483.7588]
[333.3738,484.5846]
[332.4427,485.3155]
[331.4393,485.9434]
[330.3748,486.4610]
[329.2613,486.8626]
[328.1114,487.1435]
[326.9382,487.3006]
[325.7549,487.3321]
[324.5750,487.2377]
[323.4118,487.0184]
[322.2785,486.6766]
[321.1879,486.2164]
[320.1525,485.6428]
[319.1839,484.9625]
[318.2931,484.1830]
[317.4901,483.3132]
[316.7842,482.3631]
[316.1833,481.3433]
[315.6942,480.2653]
[315.3224,479.1415]
[315.0722,477.9846]
[314.9464,476.8076]
[314.9464,475.6239]
[315.0722,474.4469]
[315.3224,473.2900]
[315.6942,472.1662]
[316.1833,471.0883]
[316.7842,470.0685]
[317.4901,469.1183]
[318.2931,468.2486]
[319.1839,467.4691]
[320.1525,466.7887]
[321.1879,466.2152]
[322.2785,465.7549]
[323.4118,465.4132]
[324.5750,465.1939]
[325.7549,465.0994]
[326.9382,465.1309]
[328.1114,465.2880]
[329.2613,465.5690]
[330.3748,465.9705]
[331.4393,466.4881]
[332.4427,467.1160]
[333.3738,467.8470]
[334.2218,468.6727]
[334.9773,469.5840]
[335.6317,470.5704]
[336.1775,471.6207]
[336.6085,472.7231]
[336.9199,473.8651]
[337.1082,475.0338]
[337.1712,476.2158]
[541.7183,478.5688,11.1536]
[552.8719,478.5688]
[552.8087,479.7543]
[552.6199,480.9265]
[552.3075,482.0719]
[551.8751,483.1776]
[551.3277,484.2311]
[550.6714,485.2204]
[549.9137,486.1344]
[549.0631,486.9627]
[548.1292,487.6958]
[547.1228,488.3255]
[546.0551,488.8447]
[544.9382,489.2475]
[543.7849,489.5293]
[542.6082,489.6868]
[541.4214,489.7184]
[540.2379,489.6237]
[539.0712,489.4037]
[537.9345,489.0610]
[536.8407,488.5994]
[535.8022,488.0241]
[534.8307,487.3417]
[533.9372,486.5599]
[533.1319,485.6875]
[532.4238,484.7345]
[531.8211,483.7116]
[531.3305,482.6305]
[530.9576,481.5033]
[530.7067,480.3429]
[530.5805,479.1624]
[530.5805,477.9752]
[530.7067,476.7947]
[530.9576,475.6342]
[531.3305,474.5071]
[531.8211,473.4259]
[532.4238,472.4031]
[533.1319,471.4501]
[533.9372,470.5777]
[534.8307,469.7959]
[535.8022,469.1135]
[536.8407,468.5382]
[537.9345,468.0766]
[539.0712,467.7338]
[540.2379,467.5139]
[541.4214,467.4191]
[542.6082,467.4507]
[543.7849,467.6083]
[544.9382,467.8901]
[546.0551,468.2928]
[547.1228,468.8120]
[548.1292,469.4418]
[549.0631,470.1749]
[549.9137,471.0032]
[550.6714,471.9171]
[551.3277,472.9065]
[551.8751,473.9600]
[552.3075,475.0657]
[552.6199,476.2111]
[552.8087,477.3832]
[552.8719,478.5688]
[457.7241,554.9977,15.2711]
[472.9952,554.9977]
[472.9087,556.6209]
[472.6501,558.2258]
[472.2225,559.7940]
[471.6305,561.3079]
[470.8810,562.7503]
[469.9824,564.1049]
[468.9449,565.3563]
[467.7803,566.4903]
[466.5017,567.4941]
[465.1237,568.3563]
[463.6619,569.0672]
[462.1327,569.6186]
[460.5536,570.0044]
[458.9425,570.2202]
[457.3175,570.2634]
[455.6972,570.1337]
[454.0998,569.8326]
[452.5435,569.3633]
[451.0459,568.7312]
[449.6239,567.9436]
[448.2938,567.0093]
[447.0704,565.9388]
[445.9678,564.7444]
[444.9984,563.4396]
[444.1732,562.0391]
[443.5015,560.5589]
[442.9909,559.0156]
[442.6473,557.4268]
[442.4746,555.8105]
[442.4746,554.1849]
[442.6473,552.5686]
[442.9909,550.9798]
[443.5015,549.4366]
[444.1732,547.9563]
[444.9984,546.5558]
[445.9678,545.2510]
[447.0704,544.0566]
[448.2938,542.9862]
[449.6239,542.0518]
[451.0459,541.2642]
[452.5435,540.6321]
[454.0998,540.1629]
[455.6972,539.8617]
[457.3175,539.7320]
[458.9425,539.7752]
[460.5536,539.9910]
[462.1327,540.3768]
[463.6619,540.9282]
[465.1237,541.6391]
[466.5017,542.5013]
[467.7803,543.5051]
[468.9449,544.6391]
[469.9824,545.8905]
[470.8810,547.2451]
[471.6305,548.6875]
[472.2225,550.2014]
[472.6501,551.7696]
[472.9087,553.3745]
[472.9952,554.9977]
[560.0000,634.5499,15.4792]
[575.4792,634.5499]
[575.3915,636.1952]
[575.1295,637.8219]
[574.6959,639.4115]
[574.0959,640.9461]
[573.3362,642.4081]
[572.4254,643.7812]
[571.3737,645.0496]
[570.1932,646.1991]
[568.8973,647.2166]
[567.5005,648.0905]
[566.0187,648.8111]
[564.4687,649.3700]
[562.8681,649.7610]
[561.2350,649.9797]
[559.5879,650.0236]
[557.9455,649.8921]
[556.3264,649.5868]
[554.7488,649.1112]
[553.2308,648.4705]
[551.7895,647.6721]
[550.4412,646.7251]
[549.2012,645.6401]
[548.0836,644.4294]
[547.1009,643.1068]
[546.2645,641.6872]
[545.5836,640.1868]
[545.0661,638.6225]
[544.7178,637.0120]
[544.5427,635.3737]
[544.5427,633.7260]
[544.7178,632.0877]
[545.0661,630.4772]
[545.5836,628.9129]
[546.2645,627.4125]
[547.1009,625.9929]
[548.0836,624.6703]
[549.2012,623.4597]
[550.4412,622.3746]
[551.7895,621.4276]
[553.2308,620.6292]
[554.7488,619.9885]
[556.3264,619.5129]
[557.9455,619.2076]
[559.5879,619.0761]
[561.2350,619.1200]
[562.8681,619.3387]
[564.4687,619.7297]
[566.0187,620.2887]
[567.5005,621.0092]
[568.8973,621.8832]
[570.1932,622.9006]
[571.3737,624.0501]
[572.4254,625.3185]
[573.3362,626.6916]
[574.0959,628.1536]
[574.6959,629.6882]
[575.1295,631.2778]
[575.3915,632.9045]
[575.4792,634.5499]
[326.9688,664.6839,20.2770]
[347.2458,664.6839]
[347.1309,666.8392]
[346.7876,668.9701]
[346.2197,671.0524]
[345.4337,673.0626]
[344.4385,674.9779]
[343.2454,676.7765]
[341.8678,678.4380]
[340.3214,679.9438]
[338.6237,681.2766]
[336.7940,682.4215]
[334.8529,683.3654]
[332.8226,684.0976]
[330.7259,684.6098]
[328.5866,684.8963]
[326.4290,684.9537]
[324.2775,684.7815]
[322.1565,684.3816]
[320.0900,683.7585]
[318.1015,682.9193]
[316.2134,681.8734]
[314.4472,680.6328]
[312.8229,679.2115]
[311.3588,677.6256]
[310.0716,675.8930]
[308.9759,674.0335]
[308.0840,672.0680]
[307.4061,670.0188]
[306.9499,667.9092]
[306.7205,665.7631]
[306.7205,663.6047]
[306.9499,661.4586]
[307.4061,659.3490]
[308.0840,657.2998]
[308.9759,655.3343]
[310.0716,653.4748]
[311.3588,651.7422]
[312.8229,650.1563]
[314.4472,648.7350]
[316.2134,647.4944]
[318.1015,646.4485]
[320.0900,645.6093]
[322.1565,644.9862]
[324.2775,644.5863]
[326.4290,644.4141]
[328.5866,644.4715]
[330.7259,644.7580]
[332.8226,645.2702]
[334.8529,646.0024]
[336.7940,646.9463]
[338.6237,648.0912]
[340.3214,649.4240]
[341.8678,650.9298]
[343.2454,652.5913]
[344.4385,654.3899]
[345.4337,656.3052]
[346.2197,658.3154]
[346.7876,660.3977]
[347.1309,662.5286]
[347.2458,664.6839]
