[455.0987,417.3680,15.3344]
[470.4331,417.3680]
[470.3462,418.9979]
[470.0866,420.6094]
[469.6571,422.1841]
[469.0627,423.7043]
[468.3101,425.1527]
[467.4078,426.5129]
[466.3660,427.7695]
[465.1966,428.9082]
[463.9127,429.9162]
[462.5290,430.7819]
[461.0611,431.4957]
[459.5256,432.0495]
[457.9400,432.4368]
[456.3222,432.6535]
[454.6905,432.6969]
[453.0634,432.5667]
[451.4594,432.2643]
[449.8967,431.7930]
[448.3928,431.1584]
[446.9650,430.3675]
[445.6293,429.4293]
[444.4009,428.3544]
[443.2937,427.1551]
[442.3203,425.8448]
[441.4917,424.4385]
[440.8172,422.9521]
[440.3045,421.4025]
[439.9595,419.8071]
[439.7860,418.1841]
[439.7860,416.5518]
[439.9595,414.9288]
[440.3045,413.3334]
[440.8172,411.7838]
[441.4917,410.2974]
[442.3203,408.8911]
[443.2937,407.5809]
[444.4009,406.3815]
[445.6293,405.3066]
[446.9650,404.3684]
[448.3928,403.5775]
[449.8967,402.9429]
[451.4594,402.4716]
[453.0634,402.1692]
[454.6905,402.0390]
[456.3222,402.0824]
[457.9400,402.2991]
[459.5256,402.6864]
[461.0611,403.2402]
[462.5290,403.9540]
[463.9127,404.8198]
[465.1966,405.8277]
[466.3660,406.9664]
[467.4078,408.2230]
[468.3101,409.5832]
[469.0627,411.0316]
[469.6571,412.5518]
[470.0866,414.1265]
[470.3462,415.7380]
[470.4331,417.3680]
[540.4623,512.4644,20.2901]
[560.7524,512.4644]
[560.6375,514.6211]
[560.2940,516.7533]
[559.7257,518.8370]
[558.9392,520.8485]
[557.9434,522.7650]
[556.7494,524.5647]
[555.3710,526.2274]
[553.8236,527.7341]
[552.1248,529.0678]
[550.2939,530.2134]
[548.3516,531.1579]
[546.3199,531.8906]
[544.2219,532.4031]
[542.0812,532.6898]
[539.9222,532.7473]
[537.7693,532.5750]
[535.6470,532.1748]
[533.5791,531.5513]
[531.5893,530.7115]
[529.7000,529.6650]
[527.9327,528.4236]
[526.3073,527.0013]
[524.8423,525.4144]
[523.5543,523.6807]
[522.4579,521.8200]
[521.5654,519.8532]
[520.8871,517.8027]
[520.4306,515.6918]
[520.2010,513.5442]
[520.2010,511.3845]
[520.4306,509.2369]
[520.8871,507.1260]
[521.5654,505.0755]
[522.4579,503.1087]
[523.5543,501.2480]
[524.8423,499.5143]
[526.3073,497.9274]
[527.9327,496.5051]
[529.7000,495.2637]
[531.5893,494.2172]
[533.5791,493.3775]
[535.6470,492.7539]
[537.7693,492.3538]
[539.9222,492.1814]
[542.0812,492.2389]
[544.2219,492.5256]
[546.3199,493.0382]
[548.3516,493.7708]
[550.2939,494.7153]
[552.1248,495.8609]
[553.8236,497.1946]
[555.3710,498.7013]
[556.7494,500.3640]
[557.9434,502.1638]
[558.9392,504.0802]
[559.7257,506.0917]
[560.2940,508.1754]
[560.6375,510.3077]
[560.7524,512.4644]
[348.9992,518.4807,22.8768]
[371.8760,518.4807]
[371.7464,520.9123]
[371.3591,523.3164]
[370.7184,525.6657]
[369.8316,527.9336]
[368.7088,530.0944]
[367.3627,532.1236]
[365.8085,533.9982]
[364.0638,535.6970]
[362.1485,537.2008]
[360.0842,538.4924]
[357.8943,539.5573]
[355.6036,540.3834]
[353.2380,540.9613]
[350.8245,541.2845]
[348.3902,541.3493]
[345.9629,541.1550]
[343.5700,540.7038]
[341.2385,540.0008]
[338.9950,539.0540]
[336.8649,537.8741]
[334.8723,536.4744]
[333.0397,534.8709]
[331.3879,533.0816]
[329.9357,531.1269]
[328.6995,529.0290]
[327.6933,526.8115]
[326.9285,524.4996]
[326.4137,522.1195]
[326.1549,519.6982]
[326.1549,517.2631]
[326.4137,514.8418]
[326.9285,512.4617]
[327.6933,510.1498]
[328.6995,507.9324]
[329.9357,505.8344]
[331.3879,503.8797]
[333.0397,502.0904]
[334.8723,500.4869]
[336.8649,499.0872]
[338.9950,497.9073]
[341.2385,496.9605]
[343.5700,496.2575]
[345.9629,495.8063]
[348.3902,495.6120]
[350.8245,495.6768]
[353.2380,496.0000]
[355.6036,496.5779]
[357.8943,497.4040]
[360.0842,498.4689]
[362.1485,499.7605]
[364.0638,501.2643]
[365.8085,502.9631]
[367.3627,504.8377]
[368.7088,506.8669]
[369.8316,509.0277]
[370.7184,511.2956]
[371.3591,513.6449]
[371.7464,516.0490]
[371.8760,518.4807]
[332.7876,674.4439,11.2828]
[344.0705,674.4439]
[344.0065,675.6432]
[343.8155,676.8289]
[343.4995,677.9876]
[343.0622,679.1061]
[342.5084,680.1718]
[341.8445,681.1726]
[341.0780,682.0972]
[340.2175,682.9350]
[339.2729,683.6767]
[338.2547,684.3137]
[337.1747,684.8389]
[336.0449,685.2463]
[334.8782,685.5313]
[333.6879,685.6907]
[332.4873,685.7227]
[331.2901,685.6269]
[330.1099,685.4044]
[328.9601,685.0576]
[327.8536,684.5907]
[326.8030,684.0087]
[325.8202,683.3184]
[324.9164,682.5275]
[324.1017,681.6451]
[323.3855,680.6810]
[322.7758,679.6463]
[322.2795,678.5527]
[321.9023,677.4124]
[321.6485,676.2386]
[321.5208,675.0444]
[321.5208,673.8434]
[321.6485,672.6492]
[321.9023,671.4754]
[322.2795,670.3351]
[322.7758,669.2415]
[323.3855,668.2068]
[324.1017,667.2427]
[324.9164,666.3602]
[325.8202,665.5694]
[326.8030,664.8791]
[327.8536,664.2971]
[328.9601,663.8302]
[330.1099,663.4834]
[331.2901,663.2609]
[332.4873,663.1651]
[333.6879,663.1971]
[334.8782,663.3565]
[336.0449,663.6415]
[337.1747,664.0489]
[338.2547,664.5741]
[339.2729,665.2111]
[340.2175,665.9528]
[341.0780,666.7906]
[341.8445,667.7152]
[342.5084,668.7160]
[343.0622,669.7817]
[343.4995,670.9002]
[343.8155,672.0589]
[344.0065,673.2446]
[344.0705,674.4439]
[531.5492,678.5213,15.2962]
[546.8454,678.5213]
[546.7588,680.1472]
[546.4998,681.7547]
[546.0714,683.3255]
[545.4785,684.8419]
[544.7277,686.2867]
[543.8277,687.6435]
[542.7885,688.8969]
[541.6220,690.0328]
[540.3413,691.0383]
[538.9610,691.9019]
[537.4968,692.6139]
[535.9651,693.1663]
[534.3834,693.5527]
[532.7697,693.7688]
[531.1420,693.8121]
[529.5190,693.6822]
[527.9190,693.3805]
[526.3602,692.9105]
[524.8601,692.2774]
[523.4358,691.4885]
[522.1034,690.5526]
[520.8781,689.4804]
[519.7737,688.2840]
[518.8027,686.9771]
[517.9761,685.5743]
[517.3033,684.0916]
[516.7919,682.5458]
[516.4478,680.9544]
[516.2747,679.3354]
[516.2747,677.7072]
[516.4478,676.0883]
[516.7919,674.4969]
[517.3033,672.9511]
[517.9761,671.4684]
[518.8027,670.0656]
[519.7737,668.7586]
[520.8781,667.5623]
[522.1034,666.4901]
[523.4358,665.5542]
[524.8601,664.7653]
[526.3602,664.1322]
[527.9190,663.6621]
[529.5190,663.3604]
[531.1420,663.2305]
[532.7697,663.2739]
[534.3834,663.4900]
[535.9651,663.8764]
[537.4968,664.4287]
[538.9610,665.1408]
[540.3413,666.0044]
[541.6220,667.0098]
[542.7885,668.1457]
[543.8277,669.3992]
[544.7277,670.7560]
[545.4785,672.2007]
[546.0714,673.7171]
[546.4998,675.2880]
[546.7588,676.8954]
[546.8454,678.5213]
