[552.1328,411.8083,10.9049]
[563.0377,411.8083]
[562.9759,412.9674]
[562.7912,414.1134]
[562.4858,415.2333]
[562.0631,416.3144]
[561.5279,417.3444]
[560.8863,418.3116]
[560.1454,419.2052]
[559.3138,420.0150]
[558.4008,420.7318]
[557.4168,421.3475]
[556.3729,421.8551]
[555.2809,422.2489]
[554.1533,422.5244]
[553.0028,422.6784]
[551.8425,422.7093]
[550.6854,422.6167]
[549.5448,422.4017]
[548.4334,422.0666]
[547.3640,421.6152]
[546.3486,421.0528]
[545.3987,420.3856]
[544.5252,419.6212]
[543.7378,418.7683]
[543.0456,417.8365]
[542.4563,416.8365]
[541.9767,415.7795]
[541.6121,414.6774]
[541.3667,413.5429]
[541.2434,412.3887]
[541.2434,411.2279]
[541.3667,410.0738]
[541.6121,408.9392]
[541.9767,407.8372]
[542.4563,406.7802]
[543.0456,405.7801]
[543.7378,404.8484]
[544.5252,403.9955]
[545.3987,403.2311]
[546.3486,402.5639]
[547.3640,402.0014]
[548.4334,401.5501]
[549.5448,401.2150]
[550.6854,400.9999]
[551.8425,400.9073]
[553.0028,400.9382]
[554.1533,401.0923]
[555.2809,401.3678]
[556.3729,401.7615]
[557.4168,402.2691]
[558.4008,402.8848]
[559.3138,403.6016]
[560.1454,404.4114]
[560.8863,405.3050]
[561.5279,406.2723]
[562.0631,407.3023]
[562.4858,408.3834]
[562.7912,409.5032]
[562.9759,410.6492]
[563.0377,411.8083]
[425.9064,518.5127,11.1397]
[437.0461,518.5127]
[436.9830,519.6968]
[436.7944,520.8674]
[436.4824,522.0114]
[436.0506,523.1157]
[435.5039,524.1679]
[434.8484,525.1560]
[434.0916,526.0689]
[433.2420,526.8961]
[432.3094,527.6283]
[431.3042,528.2573]
[430.2378,528.7758]
[429.1224,529.1781]
[427.9705,529.4595]
[426.7952,529.6169]
[425.6099,529.6484]
[424.4279,529.5538]
[423.2627,529.3341]
[422.1274,528.9918]
[421.0350,528.5307]
[419.9977,527.9562]
[419.0274,527.2746]
[418.1350,526.4938]
[417.3307,525.6225]
[416.6236,524.6707]
[416.0216,523.6491]
[415.5316,522.5693]
[415.1592,521.4436]
[414.9086,520.2846]
[414.7825,519.1056]
[414.7825,517.9198]
[414.9086,516.7408]
[415.1592,515.5818]
[415.5316,514.4561]
[416.0216,513.3763]
[416.6236,512.3547]
[417.3307,511.4028]
[418.1350,510.5316]
[419.0274,509.7508]
[419.9977,509.0692]
[421.0350,508.4946]
[422.1274,508.0336]
[423.2627,507.6913]
[424.4279,507.4716]
[425.6099,507.3769]
[426.7952,507.4085]
[427.9705,507.5659]
[429.1224,507.8473]
[430.2378,508.2496]
[431.3042,508.7681]
[432.3094,509.3971]
[433.2420,510.1293]
[434.0916,510.9565]
[434.8484,511.8693]
[435.5039,512.8575]
[436.0506,513.9096]
[436.4824,515.0140]
[436.7944,516.1580]
[436.9830,517.3286]
[437.0461,518.5127]
[319.4590,643.5097,17.9101]
[337.3691,643.5097]
[337.2677,645.4135]
[336.9644,647.2956]
[336.4628,649.1349]
[335.7686,650.9104]
[334.8895,652.6021]
[333.8357,654.1908]
[332.6189,655.6584]
[331.2530,656.9884]
[329.7535,658.1656]
[328.1374,659.1769]
[326.4229,660.0106]
[324.6295,660.6573]
[322.7775,661.1097]
[320.8880,661.3628]
[318.9822,661.4135]
[317.0819,661.2614]
[315.2084,660.9082]
[313.3832,660.3578]
[311.6268,659.6165]
[309.9591,658.6928]
[308.3990,657.5970]
[306.9643,656.3416]
[305.6712,654.9408]
[304.5342,653.4105]
[303.5664,651.7680]
[302.7786,650.0319]
[302.1799,648.2219]
[301.7769,646.3586]
[301.5742,644.4629]
[301.5742,642.5565]
[301.7769,640.6609]
[302.1799,638.7975]
[302.7786,636.9876]
[303.5664,635.2515]
[304.5342,633.6090]
[305.6712,632.0787]
[306.9643,630.6779]
[308.3990,629.4225]
[309.9591,628.3267]
[311.6268,627.4029]
[313.3832,626.6616]
[315.2084,626.1113]
[317.0819,625.7580]
[318.9822,625.6059]
[320.8880,625.6567]
[322.7775,625.9097]
[324.6295,626.3622]
[326.4229,627.0089]
[328.1374,627.8426]
[329.7535,628.8538]
[331.2530,630.0311]
[332.6189,631.3611]
[333.8357,632.8287]
[334.8895,634.4174]
[335.7686,636.1090]
[336.4628,637.8846]
[336.9644,639.7238]
[337.2677,641.6060]
[337.3691,643.5097]
