593.8141,239.7676,27.5802
621.3943,621.2380
620.7710,619.9986
618.9295,617.5759
615.9530,614.0793
611.9759,609.6668
607.1781,604.5379
601.7762,598.9244
596.0146,593.0799
590.1535,587.2686
584.4578,581.7530
579.1850,576.7826
574.5733,572.5819
570.8311,569.3407
568.1276,567.2056
566.5850,566.2730
566.2730,566.5850
567.2056,568.1276
569.3407,570.8311
572.5819,574.5733
576.7826,579.1850
581.7530,584.4578
587.2686,590.1535
593.0799,596.0146
598.9244,601.7762
604.5379,607.1781
609.6668,611.9759
614.0793,615.9530
617.5759,618.9295
619.9986,620.7710
621.2380,621.3943
239.7676,242.6992
245.5975,248.4299
251.1640,253.7691
256.2155,258.4755
260.5236,262.3365
263.8937,265.1775
266.1735,266.8702
267.2598,267.3380
267.1038,266.5598
265.7123,264.5708
263.1482,261.4608
259.5276,257.3705
255.0139,252.4846
249.8112,247.0240
244.1546,241.2354
238.2997,235.3806
232.5112,229.7240
227.0506,224.5212
222.1647,220.0076
218.0743,216.3869
214.9644,213.8229
212.9754,212.4314
212.1972,212.2753
212.6650,213.3617
214.3576,215.6414
217.1986,219.0115
221.0596,223.3196
225.7661,228.3711
231.1053,233.9376
236.8360,239.7676
822.4060,463.0476,51.5230
873.9290,873.6371
872.7647,871.3218
869.3246,866.7958
863.7641,860.2638
856.3345,852.0208
847.3715,842.4394
837.2803,831.9526
826.5168,821.0344
815.5676,810.1782
804.9274,799.8746
795.0771,790.5892
786.4619,782.7418
779.4711,776.6869
774.4207,772.6982
771.5389,770.9560
770.9560,771.5389
772.6982,774.4207
776.6869,779.4711
782.7418,786.4619
790.5892,795.0771
799.8746,804.9274
810.1782,815.5676
821.0344,826.5168
831.9526,837.2803
842.4394,847.3715
852.0208,856.3345
860.2638,863.7641
866.7958,869.3246
871.3218,872.7647
873.6371,873.9290
463.0476,468.5241
473.9387,479.2298
484.3375,489.2041
493.7742,497.9963
501.8223,505.2090
508.1180,510.5163
512.3768,513.6784
514.4063,514.5523
514.1148,513.0986
511.5153,509.3829
506.7254,503.5731
499.9616,495.9318
491.5295,486.8045
481.8102,476.6034
471.2430,465.7898
460.3054,454.8522
449.4917,444.2849
439.2907,434.5657
430.1633,426.1336
422.5221,419.3698
416.7123,414.5799
412.9966,411.9804
411.5428,411.6888
412.4167,413.7183
415.5788,417.9772
420.8862,424.2729
428.0989,432.3209
436.8911,441.7576
446.8654,452.1565
457.5710,463.0476
837.0003,445.0501,47.9390
884.9394,884.6678
883.8561,882.5135
880.6553,878.3024
875.4815,872.2247
868.5687,864.5551
860.2292,855.6402
850.8399,845.8829
840.8252,835.7242
830.6376,825.6231
820.7376,816.0363
811.5725,807.3968
803.5566,800.0953
797.0521,794.4616
792.3530,790.7503
789.6717,789.1293
789.1293,789.6717
790.7503,792.3530
794.4616,797.0521
800.0953,803.5566
807.3968,811.5725
816.0363,820.7376
825.6231,830.6376
835.7242,840.8252
845.8829,850.8399
855.6402,860.2292
864.5551,868.5687
872.2247,875.4815
878.3024,880.6553
882.5135,883.8561
884.6678,884.9394
445.0501,450.1457
455.1836,460.1066
464.8591,469.3871
473.6394,477.5677
481.1276,484.2787
486.9854,489.2169
490.9480,492.1590
492.8363,492.9721
492.5650,491.6195
490.1464,488.1622
485.6897,482.7566
479.3963,475.6469
471.5508,467.1544
462.5076,457.6630
452.6755,447.6015
442.4987,437.4248
432.4372,427.5926
422.9458,418.5494
414.4533,410.7039
407.3436,404.4106
401.9380,399.9539
398.4807,397.5352
397.1281,397.2639
397.9412,399.1522
400.8833,403.1148
405.8215,408.9726
412.5325,416.4608
420.7131,425.2411
429.9936,434.9166
439.9545,445.0501
366.9523,494.1979,55.7986
422.7509,422.4348
421.4900,419.9273
417.7644,415.0258
411.7425,407.9516
403.6963,399.0246
393.9895,388.6481
383.0609,377.2911
371.4042,365.4669
359.5464,353.7098
348.0232,342.5512
337.3555,332.4953
328.0254,323.9966
320.4545,317.4393
314.9850,313.1196
311.8641,311.2328
311.2328,311.8641
313.1196,314.9850
317.4393,320.4545
323.9966,328.0254
332.4953,337.3555
342.5512,348.0232
353.7098,359.5464
365.4669,371.4042
377.2911,383.0609
388.6481,393.9895
399.0246,403.6963
407.9516,411.7425
415.0258,417.7644
419.9273,421.4900
422.4348,422.7509
494.1979,500.1289
505.9927,511.7229
517.2545,522.5249
527.4743,532.0467
536.1902,539.8580
543.0084,545.6058
547.6207,549.0302
549.8186,549.9767
549.5028,548.4023
546.6876,544.3782
541.5002,538.0863
534.1751,529.8110
525.0433,519.9262
514.5175,508.8786
503.0734,497.1676
491.2281,485.3223
479.5171,473.8782
468.4695,463.3524
458.5847,454.2206
450.3094,446.8955
444.0175,441.7081
439.9934,438.8929
438.4190,438.5772
439.3655,440.7751
442.7899,445.3873
448.5377,452.2055
456.3490,460.9214
465.8708,471.1412
476.6728,482.4030
488.2668,494.1979
813.6924,857.7847,40.0393
853.7317,853.5049
852.8269,851.7056
850.1536,848.1884
845.8324,843.1122
840.0587,836.7065
833.0935,829.2606
825.2514,821.1112
816.8870,812.6265
808.3782,804.1900
800.1095,796.1829
792.4547,788.9671
785.7597,782.8688
780.3271,778.1634
776.4023,775.0638
774.1629,773.7098
773.7098,774.1629
775.0638,776.4023
778.1634,780.3271
782.8688,785.7597
788.9671,792.4547
796.1829,800.1095
804.1900,808.3782
812.6265,816.8870
821.1112,825.2514
829.2606,833.0935
836.7065,840.0587
843.1122,845.8324
848.1884,850.1536
851.7056,852.8269
853.5049,853.7317
857.7847,862.0406
866.2483,870.3601
874.3294,878.1113
881.6628,884.9438
887.9171,890.5490
892.8096,894.6734
896.1192,897.1307
897.6964,897.8098
897.4698,896.6801
895.4497,893.7925
891.7274,889.2777
886.4711,883.3396
879.9184,876.2465
872.3654,868.3192
864.1535,859.9157
855.6537,851.4159
847.2503,843.2040
839.3229,835.6510
832.2299,829.0983
826.2917,823.8420
821.7769,820.1197
818.8893,818.0997
817.7596,817.8731
818.4387,819.4502
820.8960,822.7598
825.0204,827.6523
830.6256,833.9066
837.4581,841.2400
845.2093,849.3211
853.5288,857.7847
