[98.8790,204.5004,17.5491]
[116.4281,116.3287]
[116.0315,115.5401]
[114.8598,113.9985]
[112.9658,111.7736]
[110.4353,108.9660]
[107.3824,105.7025]
[103.9452,102.1306]
[100.2791,98.4118]
[96.5497,94.7141]
[92.9256,91.2046]
[89.5705,88.0419]
[86.6361,85.3690]
[84.2550,83.3067]
[82.5348,81.9481]
[81.5533,81.3547]
[81.3547,81.5533]
[81.9481,82.5348]
[83.3067,84.2550]
[85.3690,86.6361]
[88.0419,89.5705]
[91.2046,92.9256]
[94.7141,96.5497]
[98.4118,100.2791]
[102.1306,103.9452]
[105.7025,107.3824]
[108.9660,110.4353]
[111.7736,112.9658]
[113.9985,114.8598]
[115.5401,116.0315]
[116.3287,116.4281]
[204.5004,206.3658]
[208.2100,210.0122]
[211.7519,213.4095]
[214.9662,216.4042]
[217.7074,218.8609]
[219.8518,220.6687]
[221.3024,221.7457]
[221.9936,222.0433]
[221.8943,221.5482]
[221.0089,220.2826]
[219.3774,218.3037]
[217.0736,215.7011]
[214.2016,212.5922]
[210.8911,209.1176]
[207.2919,205.4344]
[203.5664,201.7090]
[199.8832,198.1097]
[196.4087,194.7993]
[193.2998,191.9272]
[190.6971,189.6234]
[188.7183,187.9920]
[187.4527,187.1066]
[186.9575,187.0072]
[187.2552,187.6985]
[188.3322,189.1491]
[190.1399,191.2935]
[192.5966,194.0347]
[195.5913,197.2489]
[198.9887,200.7908]
[202.6351,204.5004]
[566.2931,615.6469,18.1841]
[584.4772,584.3742]
[584.0663,583.5570]
[582.8522,581.9597]
[580.8897,579.6543]
[578.2675,576.7451]
[575.1042,573.3635]
[571.5427,569.6624]
[567.7439,565.8090]
[563.8796,561.9775]
[560.1244,558.3411]
[556.6479,555.0640]
[553.6073,552.2944]
[551.1400,550.1574]
[549.3576,548.7497]
[548.3405,548.1348]
[548.1348,548.3405]
[548.7497,549.3576]
[550.1574,551.1400]
[552.2944,553.6073]
[555.0640,556.6479]
[558.3411,560.1244]
[561.9775,563.8796]
[565.8090,567.7439]
[569.6624,571.5427]
[573.3635,575.1042]
[576.7451,578.2675]
[579.6543,580.8897]
[581.9597,582.8522]
[583.5570,584.0663]
[584.3742,584.4772]
[615.6469,617.5798]
[619.4907,621.3581]
[623.1608,624.8784]
[626.4913,627.9814]
[629.3317,630.5270]
[631.5537,632.4001]
[633.0568,633.5161]
[633.7730,633.8246]
[633.6701,633.3115]
[632.7527,632.0001]
[631.0622,629.9496]
[628.6750,627.2528]
[625.6991,624.0315]
[622.2688,620.4312]
[618.5393,616.6147]
[614.6791,612.7545]
[610.8626,609.0250]
[607.2624,605.5947]
[604.0410,602.6188]
[601.3442,600.2316]
[599.2937,598.5411]
[597.9823,597.6237]
[597.4693,597.5208]
[597.7777,598.2371]
[598.8937,599.7401]
[600.7668,601.9621]
[603.3124,604.8025]
[606.4155,608.1330]
[609.9357,611.8031]
[613.7141,615.6469]
[258.2583,212.0933,19.6805]
[277.9389,277.8274]
[277.4942,276.9430]
[276.1801,275.2142]
[274.0561,272.7191]
[271.2182,269.5705]
[267.7946,265.9106]
[263.9400,261.9049]
[259.8286,257.7344]
[255.6462,253.5876]
[251.5819,249.6519]
[247.8194,246.1051]
[244.5286,243.1076]
[241.8583,240.7948]
[239.9291,239.2712]
[238.8284,238.6057]
[238.6057,238.8284]
[239.2712,239.9291]
[240.7948,241.8583]
[243.1076,244.5286]
[246.1051,247.8194]
[249.6519,251.5819]
[253.5876,255.6462]
[257.7344,259.8286]
[261.9049,263.9400]
[265.9106,267.7946]
[269.5705,271.2182]
[272.7191,274.0561]
[275.2142,276.1801]
[276.9430,277.4942]
[277.8274,277.9389]
[212.0933,214.1852]
[216.2534,218.2745]
[220.2256,222.0845]
[223.8302,225.4429]
[226.9043,228.1980]
[229.3091,230.2252]
[230.9359,231.4331]
[231.7111,231.7669]
[231.5997,231.2116]
[230.6068,229.7923]
[228.7772,227.5731]
[226.1936,224.6543]
[222.9727,221.1679]
[219.2602,217.2713]
[215.2238,213.1408]
[211.0459,208.9629]
[206.9153,204.9264]
[203.0188,201.2139]
[199.5323,197.9931]
[196.6136,195.4094]
[194.3944,193.5798]
[192.9750,192.5869]
[192.4197,192.4755]
[192.7536,193.2507]
[193.9614,194.8775]
[195.9887,197.2823]
[198.7438,200.3565]
[202.1022,203.9611]
[205.9121,207.9332]
[210.0014,212.0933]
[1061.8910,221.9871,18.2533]
[1080.1443,1080.0409]
[1079.7319,1079.2207]
[1078.5131,1077.6172]
[1076.5431,1075.3031]
[1073.9110,1072.3828]
[1070.7356,1068.9883]
[1067.1606,1065.2731]
[1063.3473,1061.4051]
[1059.4683,1057.5590]
[1055.6987,1053.9087]
[1052.2090,1050.6191]
[1049.1569,1047.8389]
[1046.6802,1045.6938]
[1044.8910,1044.2807]
[1043.8700,1043.6635]
[1043.6635,1043.8700]
[1044.2807,1044.8910]
[1045.6938,1046.6802]
[1047.8389,1049.1569]
[1050.6191,1052.2090]
[1053.9087,1055.6987]
[1057.5590,1059.4683]
[1061.4051,1063.3473]
[1065.2731,1067.1606]
[1068.9883,1070.7356]
[1072.3828,1073.9110]
[1075.3031,1076.5431]
[1077.6172,1078.5131]
[1079.2207,1079.7319]
[1080.0409,1080.1443]
[221.9871,223.9273]
[225.8455,227.7200]
[229.5296,231.2537]
[232.8728,234.3685]
[235.7240,236.9238]
[237.9544,238.8041]
[239.4632,239.9243]
[240.1822,240.2340]
[240.0789,239.7189]
[239.1580,238.4025]
[237.4611,236.3443]
[235.0648,233.6372]
[232.0775,230.4036]
[228.6342,226.7896]
[224.8905,222.9586]
[221.0156,219.0836]
[217.1846,215.3399]
[213.5706,211.8966]
[210.3370,208.9094]
[207.6299,206.5131]
[205.5716,204.8162]
[204.2552,203.8952]
[203.7402,203.7919]
[204.0498,204.5109]
[205.1701,206.0197]
[207.0503,208.2501]
[209.6056,211.1014]
[212.7205,214.4446]
[216.2541,218.1286]
[220.0469,221.9871]
[404.7736,610.6407,17.5478]
[422.3213,422.2219]
[421.9248,421.4334]
[420.7532,419.8919]
[418.8594,417.6672]
[416.3290,414.8598]
[413.2764,411.5966]
[409.8395,408.0250]
[406.1737,404.3065]
[402.4446,400.6090]
[398.8207,397.0998]
[395.4659,393.9374]
[392.5317,391.2647]
[390.1508,389.2026]
[388.4307,387.8441]
[387.4492,387.2507]
[387.2507,387.4492]
[387.8441,388.4307]
[389.2026,390.1508]
[391.2647,392.5317]
[393.9374,395.4659]
[397.0998,398.8207]
[400.6090,402.4446]
[404.3065,406.1737]
[408.0250,409.8395]
[411.5966,413.2764]
[414.8598,416.3290]
[417.6672,418.8594]
[419.8919,420.7532]
[421.4334,421.9248]
[422.2219,422.3213]
[610.6407,612.5059]
[614.3499,616.1520]
[617.8916,619.5490]
[621.1056,622.5435]
[623.8466,625.0000]
[625.9908,626.8076]
[627.4413,627.8846]
[628.1325,628.1822]
[628.0332,627.6871]
[627.1478,626.4216]
[625.5165,624.4429]
[623.2129,621.8404]
[620.3411,618.7318]
[617.0309,615.2575]
[613.4319,611.5746]
[609.7067,607.8494]
[606.0238,604.2505]
[602.5495,600.9403]
[599.4409,598.0684]
[596.8384,595.7648]
[594.8597,594.1335]
[593.5942,593.2481]
[593.0991,593.1488]
[593.3967,593.8400]
[594.4737,595.2905]
[596.2813,597.4347]
[598.7378,600.1757]
[601.7323,603.3897]
[605.1293,606.9314]
[608.7754,610.6407]
[887.7507,622.3151,17.0020]
[904.7527,904.6564]
[904.3685,903.8924]
[903.2333,902.3988]
[901.3984,900.2433]
[898.9467,897.5232]
[895.9890,894.3615]
[892.6590,890.9010]
[889.1072,887.2981]
[885.4941,883.7157]
[881.9829,880.3156]
[878.7325,877.2515]
[875.8895,874.6619]
[873.5827,872.6639]
[871.9161,871.3477]
[870.9651,870.7728]
[870.7728,870.9651]
[871.3477,871.9161]
[872.6639,873.5827]
[874.6619,875.8895]
[877.2515,878.7325]
[880.3156,881.9829]
[883.7157,885.4941]
[887.2981,889.1072]
[890.9010,892.6590]
[894.3615,895.9890]
[897.5232,898.9467]
[900.2433,901.3984]
[902.3988,903.2333]
[903.8924,904.3685]
[904.6564,904.7527]
[622.3151,624.1223]
[625.9090,627.6550]
[629.3405,630.9464]
[632.4545,633.8477]
[635.1103,636.2279]
[637.1878,637.9792]
[638.5932,639.0227]
[639.2629,639.3111]
[639.1667,638.8313]
[638.3089,637.6052]
[636.7283,635.6880]
[634.4963,633.1665]
[631.7138,630.1546]
[628.5065,626.7883]
[625.0195,623.2199]
[621.4102,619.6107]
[617.8418,616.1236]
[614.4756,612.9163]
[611.4636,610.1338]
[608.9421,607.9019]
[607.0249,606.3212]
[605.7988,605.4635]
[605.3191,605.3672]
[605.6074,606.0369]
[606.6509,607.4423]
[608.4023,609.5198]
[610.7824,612.1756]
[613.6837,615.2896]
[616.9751,618.7211]
[620.5079,622.3151]
[574.0290,211.9723,19.9533]
[593.9823,593.8693]
[593.5314,592.9726]
[592.1992,591.2198]
[590.0457,588.6902]
[587.1685,585.4979]
[583.6974,581.7873]
[579.7894,577.7261]
[575.6210,573.4979]
[571.3807,569.2936]
[567.2601,565.3033]
[563.4454,561.7074]
[560.1090,558.6683]
[557.4017,556.3234]
[555.4458,554.7787]
[554.3298,554.1040]
[554.1040,554.3298]
[554.7787,555.4458]
[556.3234,557.4017]
[558.6683,560.1090]
[561.7074,563.4454]
[565.3033,567.2601]
[569.2936,571.3807]
[573.4979,575.6210]
[577.7261,579.7894]
[581.7873,583.6974]
[585.4979,587.1685]
[588.6902,590.0457]
[591.2198,592.1992]
[592.9726,593.5314]
[593.8693,593.9823]
[211.9723,214.0932]
[216.1901,218.2392]
[220.2173,222.1019]
[223.8718,225.5069]
[226.9886,228.3002]
[229.4267,230.3555]
[231.0760,231.5801]
[231.8620,231.9185]
[231.7491,231.3555]
[230.7424,229.9166]
[228.8874,227.6666]
[226.2680,224.7074]
[223.0025,221.1726]
[219.2385,217.2221]
[215.1462,213.0343]
[210.9104,208.7985]
[206.7226,204.7061]
[202.7720,200.9422]
[199.2373,197.6767]
[196.2781,195.0573]
[194.0281,193.2023]
[192.5891,192.1956]
[192.0261,192.0827]
[192.3646,192.8686]
[193.5891,194.5179]
[195.6445,196.9561]
[198.4378,200.0729]
[201.8427,203.7274]
[205.7055,207.7546]
[209.8514,211.9723]
[897.6572,220.9203,19.5208]
[917.1780,917.0674]
[916.7369,916.1902]
[915.4335,914.4754]
[913.3268,912.0006]
[910.5118,908.8775]
[907.1160,905.2473]
[903.2927,901.2741]
[899.2146,897.1375]
[895.0662,893.0243]
[891.0349,889.1205]
[887.3029,885.6026]
[884.0388,882.6293]
[881.3902,880.3353]
[879.4767,878.8241]
[878.3848,878.1640]
[878.1640,878.3848]
[878.8241,879.4767]
[880.3353,881.3902]
[882.6293,884.0388]
[885.6026,887.3029]
[889.1205,891.0349]
[893.0243,895.0662]
[897.1375,899.2146]
[901.2741,903.2927]
[905.2473,907.1160]
[908.8775,910.5118]
[912.0006,913.3268]
[914.4754,915.4335]
[916.1902,916.7369]
[917.0674,917.1780]
[220.9203,222.9952]
[225.0466,227.0513]
[228.9865,230.8303]
[232.5619,234.1615]
[235.6111,236.8942]
[237.9964,238.9051]
[239.6100,240.1031]
[240.3789,240.4342]
[240.2684,239.8834]
[239.2835,238.4756]
[237.4688,236.2744]
[234.9061,233.3793]
[231.7114,229.9212]
[228.0290,226.0563]
[224.0253,221.9592]
[219.8813,217.8152]
[215.7843,213.8115]
[211.9194,210.1291]
[208.4612,206.9344]
[205.5661,204.3718]
[203.3649,202.5570]
[201.9571,201.5721]
[201.4063,201.4617]
[201.7374,202.2306]
[202.9355,203.8442]
[204.9463,206.2295]
[207.6790,209.2787]
[211.0102,212.8540]
[214.7892,216.7939]
[218.8453,220.9203]
[90.1948,601.7915,18.4578]
[108.6527,108.5481]
[108.2356,107.7186]
[107.0032,106.0972]
[105.0111,103.7572]
[102.3495,100.8042]
[99.1386,97.3717]
[95.5235,93.6149]
[91.6675,89.7035]
[87.7450,85.8143]
[83.9332,82.1231]
[80.4044,78.7967]
[77.3181,75.9854]
[74.8137,73.8163]
[73.0044,72.3874]
[71.9720,71.7632]
[71.7632,71.9720]
[72.3874,73.0044]
[73.8163,74.8137]
[75.9854,77.3181]
[78.7967,80.4044]
[82.1231,83.9332]
[85.8143,87.7450]
[89.7035,91.6675]
[93.6149,95.5235]
[97.3717,99.1386]
[100.8042,102.3495]
[103.7572,105.0111]
[106.0972,107.0032]
[107.7186,108.2356]
[108.5481,108.6527]
[601.7915,603.7535]
[605.6932,607.5887]
[609.4185,611.1619]
[612.7992,614.3117]
[615.6823,616.8956]
[617.9378,618.7969]
[619.4635,619.9297]
[620.1905,620.2428]
[620.0861,619.7220]
[619.1548,618.3909]
[617.4389,616.3096]
[615.0158,613.5721]
[611.9950,610.3023]
[608.5132,606.6478]
[604.7275,602.7739]
[600.8092,598.8556]
[596.9352,595.0699]
[593.2808,591.5881]
[590.0110,588.5673]
[587.2735,586.1442]
[585.1922,584.4283]
[583.8611,583.4970]
[583.3403,583.3926]
[583.6534,584.1196]
[584.7861,585.6453]
[586.6875,587.9007]
[589.2714,590.7839]
[592.4211,594.1646]
[595.9944,597.8899]
[599.8296,601.7915]
[245.0576,605.6731,19.6646]
[264.7222,264.6108]
[264.2778,263.7271]
[262.9649,261.9997]
[260.8426,259.5066]
[258.0069,256.3606]
[254.5861,252.7037]
[250.7346,248.7012]
[246.6265,244.5341]
[242.4476,240.3906]
[238.3866,236.4581]
[234.6271,232.9142]
[231.3389,229.9191]
[228.6708,227.6082]
[226.7432,226.0858]
[225.6433,225.4208]
[225.4208,225.6433]
[226.0858,226.7432]
[227.6082,228.6708]
[229.9191,231.3389]
[232.9142,234.6271]
[236.4581,238.3866]
[240.3906,242.4476]
[244.5341,246.6265]
[248.7012,250.7346]
[252.7037,254.5861]
[256.3606,258.0069]
[259.5066,260.8426]
[261.9997,262.9649]
[263.7271,264.2778]
[264.6108,264.7222]
[605.6731,607.7634]
[609.8299,611.8493]
[613.7988,615.6562]
[617.4005,619.0119]
[620.4721,621.7647]
[622.8750,623.7904]
[624.5005,624.9972]
[625.2750,625.3308]
[625.1638,624.7759]
[624.1716,623.3578]
[622.3435,621.1404]
[619.7620,618.2240]
[616.5437,614.7403]
[612.8342,610.8469]
[608.8011,606.7197]
[604.6265,602.5452]
[600.4993,598.5121]
[596.6059,594.8025]
[593.1223,591.5843]
[590.2059,589.0028]
[587.9885,587.1746]
[586.5703,586.1825]
[586.0155,586.0712]
[586.3490,586.8458]
[587.5559,588.4713]
[589.5815,590.8741]
[592.3344,593.9458]
[595.6901,597.5475]
[599.4969,601.5164]
[603.5829,605.6731]
[1051.5496,626.3428,17.6369]
[1069.1865,1069.0866]
[1068.7880,1068.2940]
[1067.6104,1066.7448]
[1065.7070,1064.5087]
[1063.1637,1061.6871]
[1060.0956,1058.4073]
[1056.6412,1054.8175]
[1052.9568,1051.0801]
[1049.2088,1047.3639]
[1045.5665,1043.8369]
[1042.1946,1040.6584]
[1039.2456,1037.9721]
[1036.8526,1035.8995]
[1035.1237,1034.5341]
[1034.1373,1033.9377]
[1033.9377,1034.1373]
[1034.5341,1035.1237]
[1035.8995,1036.8526]
[1037.9721,1039.2456]
[1040.6584,1042.1946]
[1043.8369,1045.5665]
[1047.3639,1049.2088]
[1051.0801,1052.9568]
[1054.8175,1056.6412]
[1058.4073,1060.0956]
[1061.6871,1063.1637]
[1064.5087,1065.7070]
[1066.7448,1067.6104]
[1068.2940,1068.7880]
[1069.0866,1069.1865]
[626.3428,628.2175]
[630.0709,631.8822]
[633.6306,635.2965]
[636.8609,638.3061]
[639.6158,640.7751]
[641.7709,642.5919]
[643.2288,643.6743]
[643.9235,643.9735]
[643.8237,643.4758]
[642.9338,642.2039]
[641.2942,640.2151]
[638.9789,637.5995]
[636.0925,634.4751]
[632.7655,630.9831]
[629.1482,627.2815]
[625.4041,623.5374]
[621.7025,619.9202]
[618.2106,616.5931]
[615.0862,613.7067]
[612.4705,611.3914]
[610.4817,609.7518]
[609.2098,608.8620]
[608.7122,608.7622]
[609.0113,609.4569]
[610.0937,610.9147]
[611.9105,613.0698]
[614.3795,615.8247]
[617.3892,619.0550]
[620.8035,622.6147]
[624.4681,626.3428]
[414.6067,210.1899,17.8271]
[432.4338,432.3328]
[432.0309,431.5317]
[430.8406,429.9657]
[428.9167,427.7055]
[426.3460,424.8534]
[423.2448,421.5383]
[419.7532,417.9098]
[416.0290,414.1321]
[412.2405,410.3758]
[408.5590,406.8107]
[405.1508,403.5980]
[402.1699,400.8827]
[399.7511,398.7877]
[398.0036,397.4076]
[397.0065,396.8048]
[396.8048,397.0065]
[397.4076,398.0036]
[398.7877,399.7511]
[400.8827,402.1699]
[403.5980,405.1508]
[406.8107,408.5590]
[410.3758,412.2405]
[414.1321,416.0290]
[417.9098,419.7532]
[421.5383,423.2448]
[424.8534,426.3460]
[427.7055,428.9167]
[429.9657,430.8406]
[431.5317,432.0309]
[432.3328,432.4338]
[210.1899,212.0848]
[213.9582,215.7890]
[217.5563,219.2401]
[220.8214,222.2822]
[223.6060,224.7779]
[225.7844,226.6142]
[227.2580,227.7083]
[227.9602,228.0107]
[227.8593,227.5077]
[226.9598,226.2220]
[225.3025,224.2118]
[222.9622,221.5679]
[220.0447,218.4098]
[216.6818,214.8802]
[213.0255,211.1387]
[209.2411,207.3542]
[205.4995,203.6980]
[201.9699,200.3351]
[198.8118,197.4175]
[196.1679,195.0772]
[194.1577,193.4199]
[192.8721,192.5205]
[192.3691,192.4196]
[192.6715,193.1218]
[193.7656,194.5954]
[195.6019,196.7737]
[198.0975,199.5584]
[201.1397,202.8235]
[204.5908,206.4215]
[208.2950,210.1899]
[735.9116,217.3044,17.8389]
[753.7505,753.6495]
[753.3474,752.8478]
[752.1563,751.2808]
[750.2311,749.0192]
[747.6587,746.1652]
[744.5555,742.8478]
[741.0616,739.2170]
[737.3349,735.4367]
[733.5439,731.6780]
[729.8600,728.1105]
[726.4495,724.8957]
[723.4667,722.1786]
[721.0462,720.0822]
[719.2976,718.7012]
[718.2998,718.0980]
[718.0980,718.2998]
[718.7012,719.2976]
[720.0822,721.0462]
[722.1786,723.4667]
[724.8957,726.4495]
[728.1105,729.8600]
[731.6780,733.5439]
[735.4367,737.3349]
[739.2170,741.0616]
[742.8478,744.5555]
[746.1652,747.6587]
[749.0192,750.2311]
[751.2808,752.1563]
[752.8478,753.3474]
[753.6495,753.7505]
[217.3044,219.2006]
[221.0752,222.9072]
[224.6757,226.3606]
[227.9429,229.4047]
[230.7294,231.9020]
[232.9092,233.7396]
[234.3838,234.8344]
[235.0864,235.1370]
[234.9855,234.6336]
[234.0855,233.3471]
[232.4271,231.3356]
[230.0852,228.6900]
[227.1658,225.5298]
[223.8006,221.9979]
[220.1419,218.2538]
[216.3550,214.4669]
[212.6110,210.8082]
[209.0790,207.4431]
[205.9188,204.5236]
[203.2732,202.1818]
[201.2617,200.5234]
[199.9752,199.6233]
[199.4718,199.5224]
[199.7744,200.2251]
[200.8692,201.6996]
[202.7068,203.8794]
[205.2041,206.6659]
[208.2482,209.9332]
[211.7016,213.5336]
[215.4083,217.3044]
[1224.0861,225.2173,19.2797]
[1243.3657,1243.2565]
[1242.9300,1242.3901]
[1241.6428,1240.6965]
[1239.5621,1238.2522]
[1236.7819,1235.1678]
[1233.4280,1231.5824]
[1229.6519,1227.6584]
[1225.6243,1223.5728]
[1221.5272,1219.5105]
[1217.5456,1215.6549]
[1213.8597,1212.1804]
[1210.6360,1209.2439]
[1208.0201,1206.9782]
[1206.1302,1205.4857]
[1205.0519,1204.8337]
[1204.8337,1205.0519]
[1205.4857,1206.1302]
[1206.9782,1208.0201]
[1209.2439,1210.6360]
[1212.1804,1213.8597]
[1215.6549,1217.5456]
[1219.5105,1221.5272]
[1223.5728,1225.6243]
[1227.6584,1229.6519]
[1231.5824,1233.4280]
[1235.1678,1236.7819]
[1238.2522,1239.5621]
[1240.6965,1241.6428]
[1242.3901,1242.9300]
[1243.2565,1243.3657]
[225.2173,227.2666]
[229.2927,231.2726]
[233.1839,235.0049]
[236.7151,238.2949]
[239.7266,240.9939]
[242.0824,242.9799]
[243.6761,244.1631]
[244.4355,244.4901]
[244.3264,243.9462]
[243.3537,242.5557]
[241.5613,240.3818]
[239.0304,237.5224]
[235.8751,234.1070]
[232.2382,230.2898]
[228.2840,226.2434]
[224.1912,222.1506]
[220.1448,218.1964]
[216.3276,214.5595]
[212.9122,211.4043]
[210.0529,208.8733]
[207.8789,207.0809]
[206.4885,206.1082]
[205.9445,205.9991]
[206.2715,206.7586]
[207.4547,208.3522]
[209.4407,210.7080]
[212.1397,213.7196]
[215.4297,217.2507]
[219.1620,221.1419]
[223.1680,225.2173]
[726.6187,618.8116,16.9193]
[743.5381,743.4422]
[743.1557,742.6819]
[742.0261,741.1956]
[740.2001,739.0506]
[737.7603,736.3437]
[734.8170,733.1974]
[731.5032,729.7537]
[727.9686,726.1683]
[724.3731,722.6033]
[720.8790,719.2198]
[717.6443,716.1706]
[714.8152,713.5936]
[712.5196,711.6053]
[710.8611,710.2955]
[709.9148,709.7233]
[709.7233,709.9148]
[710.2955,710.8611]
[711.6053,712.5196]
[713.5936,714.8152]
[716.1706,717.6443]
[719.2198,720.8790]
[722.6033,724.3731]
[726.1683,727.9686]
[729.7537,731.5032]
[733.1974,734.8170]
[736.3437,737.7603]
[739.0506,740.2001]
[741.1956,742.0261]
[742.6819,743.1557]
[743.4422,743.5381]
[618.8116,620.6100]
[622.3881,624.1256]
[625.8029,627.4010]
[628.9018,630.2882]
[631.5446,632.6568]
[633.6120,634.3996]
[635.0106,635.4380]
[635.6770,635.7250]
[635.5813,635.2476]
[634.7276,634.0274]
[633.1547,632.1195]
[630.9336,629.6103]
[628.1646,626.6130]
[624.9730,623.2631]
[621.5029,619.7121]
[617.9111,616.1204]
[614.3601,612.6503]
[611.0102,609.4586]
[608.0129,606.6896]
[605.5037,604.4685]
[603.5958,602.8956]
[602.3757,602.0420]
[601.8983,601.9462]
[602.1852,602.6127]
[603.2236,604.0112]
[604.9665,606.0786]
[607.3350,608.7215]
[610.2222,611.8203]
[613.4976,615.2352]
[617.0132,618.8116]
[1215.4421,631.9143,17.8078]
[1233.2500,1233.1491]
[1232.8476,1232.3488]
[1231.6586,1230.7845]
[1229.7367,1228.5269]
[1227.1688,1225.6778]
[1224.0709,1222.3662]
[1220.5831,1218.7417]
[1216.8630,1214.9681]
[1213.0786,1211.2159]
[1209.4010,1207.6547]
[1205.9965,1204.4454]
[1203.0189,1201.7331]
[1200.6026,1199.6403]
[1198.8571,1198.2617]
[1197.8611,1197.6596]
[1197.6596,1197.8611]
[1198.2617,1198.8571]
[1199.6403,1200.6026]
[1201.7331,1203.0189]
[1204.4454,1205.9965]
[1207.6547,1209.4010]
[1211.2159,1213.0786]
[1214.9681,1216.8630]
[1218.7417,1220.5831]
[1222.3662,1224.0709]
[1225.6778,1227.1688]
[1228.5269,1229.7367]
[1230.7845,1231.6586]
[1232.3488,1232.8476]
[1233.1491,1233.2500]
[631.9143,633.8072]
[635.6786,637.5073]
[639.2727,640.9547]
[642.5343,643.9936]
[645.3160,646.4865]
[647.4919,648.3209]
[648.9639,649.4138]
[649.6654,649.7158]
[649.5646,649.2134]
[648.6661,647.9291]
[647.0106,645.9211]
[644.6728,643.2800]
[641.7585,640.1254]
[638.3992,636.5996]
[634.7469,632.8621]
[630.9665,629.0817]
[627.2290,625.4294]
[623.7033,622.0702]
[620.5486,619.1558]
[617.9076,616.8180]
[615.8995,615.1625]
[614.6153,614.2641]
[614.1128,614.1633]
[614.4149,614.8647]
[615.5078,616.3367]
[617.3421,618.5127]
[619.8351,621.2943]
[622.8739,624.5559]
[626.3213,628.1501]
[630.0215,631.9143]
