[899.2309,750.9132,27.3946]
[926.6256,926.4704]
[926.0066,925.2393]
[924.1775,922.8329]
[921.2209,919.3598]
[917.2706,914.9770]
[912.5050,909.8826]
[907.1395,904.3069]
[901.4166,898.5017]
[895.5950,892.7295]
[889.9376,887.2511]
[884.7002,882.3141]
[880.1196,878.1416]
[876.4026,874.9222]
[873.7173,872.8015]
[872.1851,871.8751]
[871.8751,872.1851]
[872.8015,873.7173]
[874.9222,876.4026]
[878.1416,880.1196]
[882.3141,884.7002]
[887.2511,889.9376]
[892.7295,895.5950]
[898.5017,901.4166]
[904.3069,907.1395]
[909.8826,912.5050]
[914.9770,917.2706]
[919.3598,921.2209]
[922.8329,924.1775]
[925.2393,926.0066]
[926.4704,926.6256]
[750.9132,753.8251]
[756.7040,759.5173]
[762.2330,764.8206]
[767.2505,769.4954]
[771.5297,773.3304]
[774.8771,776.1523]
[777.1415,777.8335]
[778.2206,778.2982]
[778.0655,777.5252]
[776.6834,775.5496]
[774.1366,772.4605]
[770.5403,768.3977]
[766.0570,763.5447]
[760.8893,758.1208]
[755.2707,752.3712]
[749.4552,746.5558]
[743.7056,740.9372]
[738.2818,735.7695]
[733.4288,731.2862]
[729.3659,727.6899]
[726.2769,725.1431]
[724.3013,723.7610]
[723.5283,723.6059]
[723.9930,724.6850]
[725.6742,726.9494]
[728.4961,730.2968]
[732.3311,734.5760]
[737.0059,739.5934]
[742.3092,745.1225]
[748.0014,750.9132]
[275.0370,267.7601,28.8479]
[303.8849,303.7214]
[303.2330,302.4251]
[301.3069,299.8910]
[298.1935,296.2337]
[294.0336,291.6184]
[289.0152,286.2537]
[283.3651,280.3822]
[277.3386,274.2690]
[271.2081,268.1906]
[265.2507,262.4216]
[259.7355,257.2227]
[254.9118,252.8289]
[250.9976,249.4388]
[248.1699,247.2055]
[246.5564,246.2300]
[246.2300,246.5564]
[247.2055,248.1699]
[249.4388,250.9976]
[252.8289,254.9118]
[257.2227,259.7355]
[262.4216,265.2507]
[268.1906,271.2081]
[274.2690,277.3386]
[280.3822,283.3651]
[286.2537,289.0152]
[291.6184,294.0336]
[296.2337,298.1935]
[299.8910,301.3069]
[302.4251,303.2330]
[303.7214,303.8849]
[267.7601,270.8264]
[273.8580,276.8205]
[279.6804,282.4052]
[284.9640,287.3279]
[289.4702,291.3664]
[292.9951,294.3380]
[295.3797,296.1084]
[296.5160,296.5977]
[296.3527,295.7838]
[294.8973,293.7033]
[292.2154,290.4504]
[288.4283,286.1721]
[283.7072,281.0616]
[278.2653,275.3500]
[272.3487,269.2954]
[266.2247,263.1714]
[260.1701,257.2548]
[254.4585,251.8130]
[249.3481,247.0918]
[245.0697,243.3047]
[241.8168,240.6229]
[239.7364,239.1674]
[238.9224,239.0042]
[239.4117,240.1405]
[241.1822,242.5250]
[244.1538,246.0500]
[248.1922,250.5562]
[253.1150,255.8398]
[258.6996,261.6621]
[264.6937,267.7601]
[926.5948,267.7343,37.8480]
[964.4428,964.2283]
[963.5875,962.5276]
[961.0605,959.2029]
[956.9758,954.4045]
[951.5181,948.3493]
[944.9341,941.3110]
[937.5212,933.6076]
[929.6145,925.5873]
[921.5714,917.6125]
[913.7553,910.0436]
[906.5195,903.2228]
[900.1909,897.4582]
[895.0556,893.0103]
[891.3456,890.0803]
[889.2287,888.8005]
[888.8005,889.2287]
[890.0803,891.3456]
[893.0103,895.0556]
[897.4582,900.1909]
[903.2228,906.5195]
[910.0436,913.7553]
[917.6125,921.5714]
[925.5873,929.6145]
[933.6076,937.5212]
[941.3110,944.9341]
[948.3493,951.5181]
[954.4045,956.9758]
[959.2029,961.0605]
[962.5276,963.5875]
[964.2283,964.4428]
[267.7343,271.7573]
[275.7347,279.6214]
[283.3735,286.9484]
[290.3056,293.4070]
[296.2175,298.7054]
[300.8423,302.6041]
[303.9707,304.9269]
[305.4616,305.5688]
[305.2474,304.5009]
[303.3379,301.7714]
[299.8193,297.5036]
[294.8507,291.8905]
[288.6566,285.1857]
[281.5170,277.6922]
[273.7545,269.7486]
[265.7199,261.7141]
[257.7764,253.9516]
[250.2829,246.8119]
[243.5780,240.6179]
[237.9649,235.6493]
[233.6972,232.1307]
[230.9676,230.2212]
[229.8997,230.0070]
[230.5417,231.4978]
[232.8645,234.6263]
[236.7632,239.2510]
[242.0616,245.1630]
[248.5202,252.0950]
[255.8471,259.7339]
[263.7113,267.7343]
[303.9333,766.8801,32.7208]
[336.6541,336.4687]
[335.9147,334.9984]
[333.7300,332.1241]
[330.1987,327.9757]
[325.4803,322.7408]
[319.7882,316.6559]
[313.3795,309.9961]
[306.5440,303.0623]
[299.5904,296.1678]
[292.8331,289.6243]
[286.5775,283.7274]
[281.1062,278.7437]
[276.6666,274.8984]
[273.4592,272.3653]
[271.6291,271.2589]
[271.2589,271.6291]
[272.3653,273.4592]
[274.8984,276.6666]
[278.7437,281.1062]
[283.7274,286.5775]
[289.6243,292.8331]
[296.1678,299.5904]
[303.0623,306.5440]
[309.9961,313.3795]
[316.6559,319.7882]
[322.7408,325.4803]
[327.9757,330.1987]
[332.1241,333.7300]
[334.9984,335.9147]
[336.4687,336.6541]
[766.8801,770.3581]
[773.7967,777.1570]
[780.4008,783.4914]
[786.3938,789.0750]
[791.5049,793.6557]
[795.5031,797.0262]
[798.2078,799.0343]
[799.4966,799.5893]
[799.3115,798.6661]
[797.6606,796.3064]
[794.6187,792.6167]
[790.3232,787.7640]
[784.9682,781.9674]
[778.7958,775.4891]
[772.0848,768.6216]
[765.1387,761.6754]
[758.2712,754.9645]
[751.7928,748.7921]
[745.9963,743.4371]
[741.1435,739.1416]
[737.4539,736.0997]
[735.0942,734.4488]
[734.1709,734.2636]
[734.7259,735.5525]
[736.7341,738.2572]
[740.1046,742.2554]
[744.6852,747.3665]
[750.2689,753.3595]
[756.6033,759.9635]
[763.4021,766.8801]
