[299.7859,799.1406,39.5476]
[339.3335,339.1095]
[338.4399,337.3323]
[335.7993,333.8583]
[331.5312,328.8445]
[325.8284,322.5174]
[318.9487,315.1630]
[311.2030,307.1136]
[302.9412,298.7331]
[294.5369,290.4002]
[286.3698,282.4914]
[278.8090,275.3643]
[272.1962,269.3408]
[266.8303,264.6932]
[262.9538,261.6316]
[260.7418,260.2943]
[260.2943,260.7418]
[261.6316,262.9538]
[264.6932,266.8303]
[269.3408,272.1962]
[275.3643,278.8090]
[282.4914,286.3698]
[290.4002,294.5369]
[298.7331,302.9412]
[307.1136,311.2030]
[315.1630,318.9487]
[322.5174,325.8284]
[328.8445,331.5312]
[333.8583,335.7993]
[337.3323,338.4399]
[339.1095,339.3335]
[799.1406,803.3442]
[807.5002,811.5615]
[815.4821,819.2175]
[822.7255,825.9662]
[828.9029,831.5025]
[833.7353,835.5762]
[837.0043,838.0034]
[838.5621,838.6741]
[838.3383,837.5583]
[836.3430,834.7062]
[832.6664,830.2468]
[827.4747,824.3816]
[821.0025,817.3757]
[813.5422,809.5456]
[805.4311,801.2454]
[797.0357,792.8500]
[788.7355,784.7389]
[780.9054,777.2786]
[773.8995,770.8064]
[768.0343,765.6147]
[763.5749,761.9381]
[760.7228,759.9428]
[759.6070,759.7190]
[760.2777,761.2768]
[762.7049,764.5458]
[766.7786,769.3782]
[772.3149,775.5556]
[779.0636,782.7990]
[786.7196,790.7809]
[794.9369,799.1406]
[499.7304,359.5562,32.7234]
[532.4538,532.2684]
[531.7143,530.7979]
[529.5294,527.9234]
[525.9978,523.7747]
[521.2791,518.5394]
[515.5865,512.4540]
[509.1774,505.7937]
[502.3413,498.8593]
[495.3872,491.9643]
[488.6294,485.4202]
[482.3732,479.5229]
[476.9016,474.5388]
[472.4616,470.6933]
[469.2540,468.1600]
[467.4237,467.0534]
[467.0534,467.4237]
[468.1600,469.2540]
[470.6933,472.4616]
[474.5388,476.9016]
[479.5229,482.3732]
[485.4202,488.6294]
[491.9643,495.3872]
[498.8593,502.3413]
[505.7937,509.1774]
[512.4540,515.5865]
[518.5394,521.2791]
[523.7747,525.9978]
[527.9234,529.5294]
[530.7979,531.7143]
[532.2684,532.4538]
[359.5562,363.0345]
[366.4733,369.8338]
[373.0779,376.1687]
[379.0713,381.7528]
[384.1828,386.3338]
[388.1814,389.7046]
[390.8863,391.7129]
[392.1752,392.2680]
[391.9900,391.3446]
[390.3391,388.9847]
[387.2969,385.2948]
[383.0011,380.4417]
[377.6457,374.6447]
[371.4728,368.1658]
[364.7613,361.2978]
[357.8146,354.3511]
[350.9466,347.6396]
[344.4677,341.4667]
[338.6707,336.1113]
[333.8176,331.8155]
[330.1277,328.7733]
[327.7677,327.1223]
[326.8444,326.9371]
[327.3995,328.2261]
[329.4078,330.9310]
[332.7786,334.9295]
[337.3595,340.0410]
[342.9437,346.0345]
[349.2785,352.6390]
[356.0779,359.5562]
[901.8480,339.9345,38.6616]
[940.5096,940.2906]
[939.6360,938.5532]
[937.0546,935.1571]
[932.8821,930.2556]
[927.3071,924.0702]
[920.5815,916.8806]
[913.0093,909.0116]
[904.9327,900.8188]
[896.7167,892.6726]
[888.7325,884.9411]
[881.3411,877.9736]
[874.8765,872.0851]
[869.6308,867.5416]
[865.8411,864.5486]
[863.6787,863.2413]
[863.2413,863.6787]
[864.5486,865.8411]
[867.5416,869.6308]
[872.0851,874.8765]
[877.9736,881.3411]
[884.9411,888.7325]
[892.6726,896.7167]
[900.8188,904.9327]
[909.0116,913.0093]
[916.8806,920.5815]
[924.0702,927.3071]
[930.2556,932.8821]
[935.1571,937.0546]
[938.5532,939.6360]
[940.2906,940.5096]
[339.9345,344.0439]
[348.1068,352.0772]
[355.9099,359.5616]
[362.9910,366.1591]
[369.0300,371.5713]
[373.7542,375.5538]
[376.9499,377.9266]
[378.4728,378.5823]
[378.2540,377.4915]
[376.3034,374.7033]
[372.7092,370.3438]
[367.6338,364.6100]
[361.3066,357.7610]
[354.0135,350.1064]
[346.0841,341.9921]
[337.8768,333.7848]
[329.7625,325.8554]
[322.1079,318.5624]
[315.2589,312.2351]
[309.5252,307.1597]
[305.1657,303.5655]
[302.3775,301.6150]
[301.2866,301.3962]
[301.9424,302.9190]
[304.3151,306.1148]
[308.2976,310.8389]
[313.7099,316.8780]
[320.3073,323.9590]
[327.7918,331.7621]
[335.8250,339.9345]
[902.5008,788.3431,29.2059]
[931.7067,931.5413]
[931.0468,930.2288]
[929.0967,927.6633]
[925.9447,923.9606]
[921.7332,919.2880]
[916.6526,913.8568]
[910.9323,907.9123]
[904.8310,901.7233]
[898.6245,895.5695]
[892.5931,889.7289]
[887.0094,884.4655]
[882.1259,880.0171]
[878.1631,876.5849]
[875.3003,874.3239]
[873.6668,873.3363]
[873.3363,873.6668]
[874.3239,875.3003]
[876.5849,878.1631]
[880.0171,882.1259]
[884.4655,887.0094]
[889.7289,892.5931]
[895.5695,898.6245]
[901.7233,904.8310]
[907.9123,910.9323]
[913.8568,916.6526]
[919.2880,921.7332]
[923.9606,925.9447]
[927.6633,929.0967]
[930.2288,931.0468]
[931.5413,931.7067]
[788.3431,791.4475]
[794.5167,797.5159]
[800.4113,803.1699]
[805.7605,808.1538]
[810.3226,812.2423]
[813.8913,815.2508]
[816.3054,817.0432]
[817.4558,817.5386]
[817.2906,816.7145]
[815.8170,814.6083]
[813.1019,811.3150]
[809.2678,806.9835]
[804.4881,801.8097]
[798.9787,796.0272]
[792.9886,789.8975]
[786.7887,783.6975]
[780.6589,777.7074]
[774.8764,772.1980]
[769.7026,767.4183]
[765.3711,763.5842]
[762.0778,760.8691]
[759.9716,759.3956]
[759.1475,759.2303]
[759.6429,760.3807]
[761.4353,762.7948]
[764.4438,766.3636]
[768.5324,770.9256]
[773.5162,776.2748]
[779.1702,782.1694]
[785.2387,788.3431]
