143.4853,36.6744,12.3749 
147.9165,36.7712,11.8258 
147.9009,37.2186,11.9854 
147.8354,37.6598,12.1494 
147.7205,38.0899,12.3160 
147.5577,38.5039,12.4833 
147.3487,38.8973,12.6493 
147.0959,39.2654,12.8122 
146.8022,39.6041,12.9702 
146.4710,39.9097,13.1214 
146.1059,40.1786,13.2641 
145.7111,40.4078,13.3968 
145.2911,40.5947,13.5179 
144.8507,40.7372,13.6261 
144.3947,40.8337,13.7200 
143.9285,40.8830,13.7988 
143.4573,40.8846,13.8614 
142.9864,40.8386,13.9071 
142.5211,40.7453,13.9355 
142.0668,40.6060,13.9462 
141.6285,40.4221,13.9391 
141.2113,40.1957,13.9143 
140.8198,39.9294,13.8721 
140.4586,39.6263,13.8128 
140.1316,39.2897,13.7373 
139.8426,38.9234,13.6464 
139.5950,38.5317,13.5410 
139.3914,38.1190,13.4225 
139.2341,37.6899,13.2920 
139.1251,37.2493,13.1512 
139.0654,36.8021,13.0016 
139.0559,36.3535,12.8449 
139.0965,35.9086,12.6828 
139.1868,35.4723,12.5173 
139.3259,35.0497,12.3501 
139.5120,34.6455,12.1833 
139.7432,34.2642,12.0186 
140.0168,33.9103,11.8579 
140.3297,33.5876,11.7031 
140.6783,33.3000,11.5559 
141.0588,33.0506,11.4180 
141.4667,32.8422,11.2909 
141.8975,32.6773,11.1761 
142.3464,32.5576,11.0749 
142.8081,32.4846,10.9884 
143.2775,32.4591,10.9177 
143.7492,32.4813,10.8634 
144.2180,32.5510,10.8263 
144.6784,32.6675,10.8067 
145.1254,32.8293,10.8049 
145.5538,33.0347,10.8208 
145.9587,33.2814,10.8544 
146.3356,33.5665,10.9052 
146.6802,33.8868,10.9727 
146.9886,34.2388,11.0560 
147.2573,34.6183,11.1543 
147.4833,35.0211,11.2664 
147.6640,35.4426,11.3911 
147.7973,35.8781,11.5269 
147.8818,36.3226,11.6724 
147.9165,36.7712,11.8258 

252.1858,41.2496,0.1870 
258.2896,41.3707,-0.5374 
258.2681,41.9856,-0.3182 
258.1778,42.5922,-0.0933 
258.0195,43.1836,0.1348 
257.7952,43.7531,0.3635 
257.5072,44.2942,0.5902 
257.1590,44.8008,0.8123 
256.7545,45.2672,1.0273 
256.2981,45.6880,1.2328 
255.7952,46.0585,1.4264 
255.2514,46.3745,1.6060 
254.6729,46.6325,1.7695 
254.0662,46.8295,1.9151 
253.4382,46.9632,2.0411 
252.7960,47.0322,2.1461 
252.1469,47.0357,2.2289 
251.4983,46.9736,2.2885 
250.8574,46.8466,2.3244 
250.2317,46.6563,2.3360 
249.6280,46.4047,2.3233 
249.0534,46.0947,2.2863 
248.5142,45.7298,2.2256 
248.0167,45.3141,2.1418 
247.5664,44.8524,2.0358 
247.1685,44.3499,1.9089 
246.8274,43.8123,1.7625 
246.5470,43.2456,1.5982 
246.3305,42.6563,1.4180 
246.1803,42.0511,1.2238 
246.0982,41.4368,1.0178 
246.0850,40.8204,0.8025 
246.1410,40.2088,0.5801 
246.2654,39.6091,0.3533 
246.4570,39.0279,0.1247 
246.7134,38.4719,-0.1033 
247.0318,37.9473,-0.3280 
247.4087,37.4602,-0.5468 
247.8396,37.0160,-0.7574 
248.3198,36.6197,-0.9572 
248.8438,36.2759,-1.1441 
249.4057,35.9885,-1.3159 
249.9991,35.7606,-1.4707 
250.6173,35.5950,-1.6067 
251.2533,35.4934,-1.7224 
251.8998,35.4570,-1.8164 
252.5496,35.4862,-1.8878 
253.1953,35.5808,-1.9356 
253.8295,35.7396,-1.9594 
254.4451,35.9608,-1.9589 
255.0352,36.2420,-1.9341 
255.5929,36.5799,-1.8852 
256.1121,36.9707,-1.8128 
256.5868,37.4100,-1.7178 
257.0116,37.8928,-1.6012 
257.3817,38.4136,-1.4644 
257.6930,38.9666,-1.3088 
257.9419,39.5455,-1.1363 
258.1255,40.1437,-0.9487 
258.2419,40.7544,-0.7484 
258.2896,41.3707,-0.5374 

147.8547,115.1492,38.0437 
153.9199,115.3136,37.1828 
153.8987,115.9280,37.4026 
153.8090,116.5335,37.6298 
153.6519,117.1234,37.8616 
153.4290,117.6908,38.0954 
153.1430,118.2295,38.3287 
152.7971,118.7334,38.5587 
152.3952,119.1966,38.7830 
151.9419,119.6139,38.9988 
151.4422,119.9807,39.2038 
150.9019,120.2928,39.3957 
150.3270,120.5465,39.5723 
149.7241,120.7392,39.7316 
149.1001,120.8685,39.8717 
148.4619,120.9330,39.9911 
147.8168,120.9320,40.0885 
147.1721,120.8654,40.1627 
146.5351,120.7341,40.2129 
145.9131,120.5395,40.2385 
145.3131,120.2838,40.2393 
144.7418,119.9700,40.2151 
144.2058,119.6015,40.1664 
143.7112,119.1825,40.0936 
143.2635,118.7178,39.9976 
142.8678,118.2127,39.8794 
142.5286,117.6729,39.7405 
142.2498,117.1045,39.5823 
142.0344,116.5139,39.4066 
141.8851,115.9078,39.2156 
141.8033,115.2931,39.0112 
141.7902,114.6768,38.7959 
141.8458,114.0659,38.5721 
141.9694,113.4672,38.3422 
142.1598,112.8876,38.1090 
142.4146,112.3337,37.8751 
142.7312,111.8116,37.6430 
143.1057,111.3274,37.4155 
143.5341,110.8865,37.1952 
144.0115,110.4939,36.9844 
144.5323,110.1540,36.7857 
145.0908,109.8708,36.6012 
145.6806,109.6474,36.4331 
146.2951,109.4863,36.2832 
146.9272,109.3894,36.1532 
147.5697,109.3577,36.0447 
148.2155,109.3917,35.9589 
148.8572,109.4909,35.8966 
149.4876,109.6542,35.8587 
150.0994,109.8797,35.8456 
150.6857,110.1650,35.8573 
151.2400,110.5067,35.8938 
151.7559,110.9010,35.9547 
152.2276,111.3435,36.0393 
152.6498,111.8290,36.1465 
153.0176,112.3522,36.2753 
153.3269,112.9070,36.4241 
153.5743,113.4873,36.5912 
153.7568,114.0863,36.7748 
153.8725,114.6974,36.9727 
153.9199,115.3136,37.1828 

247.0974,117.9169,28.0970 
251.5645,117.9847,27.6611 
251.5488,118.4319,27.8199 
251.4826,118.8733,27.9819 
251.3667,119.3038,28.1452 
251.2024,119.7186,28.3079 
250.9916,120.1130,28.4683 
250.7367,120.4825,28.6244 
250.4405,120.8229,28.7746 
250.1065,121.1304,28.9171 
249.7384,121.4014,29.0502 
249.3404,121.6330,29.1726 
248.9169,121.8224,29.2828 
248.4729,121.9676,29.3795 
248.0133,122.0669,29.4618 
247.5434,122.1191,29.5285 
247.0684,122.1238,29.5790 
246.5937,122.0807,29.6127 
246.1248,121.9905,29.6293 
245.6669,121.8542,29.6285 
245.2252,121.6732,29.6103 
244.8048,121.4497,29.5750 
244.4103,121.1862,29.5230 
244.0463,120.8856,29.4548 
243.7169,120.5515,29.3712 
243.4258,120.1874,29.2732 
243.1763,119.7977,29.1618 
242.9712,119.3867,29.0384 
242.8128,118.9590,28.9044 
242.7030,118.5195,28.7612 
242.6430,118.0732,28.6104 
242.6334,117.6251,28.4539 
242.6744,117.1804,28.2933 
242.7655,116.7439,28.1305 
242.9057,116.3208,27.9673 
243.0934,115.9157,27.8055 
243.3265,115.5333,27.6471 
243.6022,115.1779,27.4938 
243.9176,114.8535,27.3473 
244.2690,114.5638,27.2093 
244.6525,114.3121,27.0813 
245.0636,114.1012,26.9648 
245.4979,113.9336,26.8612 
245.9502,113.8111,26.7716 
246.4156,113.7350,26.6969 
246.8887,113.7064,26.6382 
247.3642,113.7255,26.5959 
247.8367,113.7920,26.5707 
248.3009,113.9053,26.5628 
248.7514,114.0641,26.5722 
249.1832,114.2665,26.5989 
249.5913,114.5103,26.6426 
249.9713,114.7927,26.7028 
250.3186,115.1105,26.7788 
250.6295,115.4602,26.8697 
250.9004,115.8376,26.9746 
251.1281,116.2387,27.0921 
251.3102,116.6588,27.2211 
251.4446,117.0931,27.3599 
251.5297,117.5368,27.5072 
251.5645,117.9847,27.6611 

