891.0382,256.9075,31.0538
922.0920,921.9161
921.3903,920.5206
919.3169,917.7927
915.9654,913.8557
911.4875,908.8875
906.0853,903.1127
900.0032,896.7921
893.5159,890.2115
886.9166,883.6683
880.5035,877.4581
874.5666,871.8617
869.3741,867.1319
865.1606,863.4825
862.1167,861.0785
860.3798,860.0284
860.0284,860.3798
861.0785,862.1167
863.4825,865.1606
867.1319,869.3741
871.8617,874.5666
877.4581,880.5035
883.6683,886.9166
890.2115,893.5159
896.7921,900.0032
903.1127,906.0853
908.8875,911.4875
913.8557,915.9654
917.7927,919.3169
920.5206,921.3903
921.9161,922.0920
256.9075,260.2083
263.4717,266.6607
269.7393,272.6724
275.4269,277.9716
280.2776,282.3189
284.0722,285.5177
286.6390,287.4235
287.8623,287.9502
287.6865,287.0740
286.1198,284.8345
283.2328,281.3329
279.1562,276.7274
274.0740,271.2261
268.2160,265.0778
261.8470,258.5602
255.2547,251.9679
248.7371,245.5989
242.5888,239.7409
237.0875,234.6587
232.4820,230.5821
228.9804,227.6951
226.7409,226.1284
225.8647,225.9527
226.3914,227.1759
228.2972,229.7427
231.4960,233.5373
235.8433,238.3880
241.1425,244.0756
247.1542,250.3432
253.6066,256.9075
382.1669,484.7747,27.0740
409.2408,409.0875
408.6291,407.8708
406.8214,405.4926
403.8995,402.0601
399.9954,397.7286
395.2856,392.6939
389.9829,387.1834
384.3270,381.4462
378.5735,375.7415
372.9823,370.3272
367.8063,365.4481
363.2792,361.3244
359.6058,358.1428
356.9519,356.0468
355.4376,355.1313
355.1313,355.4376
356.0468,356.9519
358.1428,359.6058
361.3244,363.2792
365.4481,367.8063
370.3272,372.9823
375.7415,378.5735
381.4462,384.3270
387.1834,389.9829
392.6939,395.2856
397.7286,399.9954
402.0601,403.8995
405.4926,406.8214
407.8708,408.6291
409.0875,409.2408
484.7747,487.6525
490.4977,493.2780
495.9620,498.5192
500.9207,503.1393
505.1498,506.9294
508.4580,509.7182
510.6959,511.3798
511.7623,511.8390
511.6091,511.0751
510.2432,509.1226
507.7262,506.0698
504.1720,502.0545
499.7412,497.2583
494.6340,491.8979
489.0812,486.2156
483.3338,480.4682
477.6515,474.9154
472.2911,469.8082
467.4949,465.3774
463.4796,461.8232
460.4268,459.3062
458.4742,457.9403
457.7103,457.7871
458.1696,458.8535
459.8311,461.0914
462.6200,464.3996
466.4101,468.6287
471.0302,473.5874
476.2714,479.0517
481.8969,484.7747
268.3127,280.2827,21.9041
290.2168,290.0927
289.7219,289.1084
288.2594,287.1843
285.8954,284.4073
282.7368,280.9029
278.9264,276.8295
274.6362,272.3713
270.0603,267.7296
265.4054,263.1143
260.8820,258.7338
256.6943,254.7863
253.0317,251.4501
250.0597,248.8760
247.9126,247.1803
246.6874,246.4396
246.4396,246.6874
247.1803,247.9126
248.8760,250.0597
251.4501,253.0317
254.7863,256.6943
258.7338,260.8820
263.1143,265.4054
267.7296,270.0603
272.3713,274.6362
276.8295,278.9264
280.9029,282.7368
284.4073,285.8954
287.1843,288.2594
289.1084,289.7219
290.0927,290.2168
280.2827,282.6110
284.9129,287.1623
289.3338,291.4027
293.3457,295.1406
296.7672,298.2070
299.4437,300.4633
301.2543,301.8076
302.1171,302.1791
301.9931,301.5611
300.8880,299.9814
298.8516,297.5115
295.9761,294.2629
292.3914,290.3826
288.2594,286.0458
283.7669,281.4485
279.1170,276.7986
274.5197,272.3061
270.1829,268.1741
266.3026,264.5894
263.0540,261.7139
260.5841,259.6775
259.0044,258.5724
258.3864,258.4484
258.7579,259.3112
260.1022,261.1218
262.3585,263.7983
265.4249,267.2198
269.1628,271.2317
273.4032,275.6526
277.9545,280.2827
892.0048,660.2369,22.3228
914.3276,914.2012
913.8232,913.1981
912.3328,911.2371
909.9236,908.4071
906.7047,904.8357
902.8214,900.6845
898.4493,896.1410
893.7859,891.4106
889.0420,886.7071
884.4321,882.2429
880.1644,878.2200
876.4318,874.8200
873.4030,872.1967
871.2148,870.4685
869.9663,869.7137
869.7137,869.9663
870.4685,871.2148
872.1967,873.4030
874.8200,876.4318
878.2200,880.1644
882.2429,884.4321
886.7071,889.0420
891.4106,893.7859
896.1410,898.4493
900.6845,902.8214
904.8357,906.7047
908.4071,909.9236
911.2371,912.3328
913.1981,913.8232
914.2012,914.3276
660.2369,662.6096
664.9555,667.2479
669.4609,671.5694
673.5495,675.3787
677.0363,678.5037
679.7640,680.8031
681.6092,682.1731
682.4885,682.5517
682.3622,681.9219
681.2359,680.3120
679.1607,677.7949
676.2302,674.4843
672.5769,670.5297
668.3660,666.1101
663.7876,661.4249
659.0488,656.6861
654.3637,652.1078
649.9440,647.8968
645.9895,644.2436
642.6788,641.3131
640.1617,639.2378
638.5518,638.1116
637.9220,637.9852
638.3006,638.8645
639.6706,640.7097
641.9701,643.4374
645.0951,646.9243
648.9044,651.0128
653.2258,655.5182
657.8641,660.2369
268.4912,712.2907,47.9531
316.4443,316.1726
315.3607,314.0177
312.1589,309.8054
306.9837,303.7259
300.0689,296.0540
291.7269,287.1365
282.3349,277.3764
272.3172,267.2147
262.1266,257.1106
252.2236,247.5210
243.0559,238.8790
235.0376,231.5753
228.5312,225.9399
223.8307,222.2276
221.1486,220.6061
220.6061,221.1486
222.2276,223.8307
225.9399,228.5312
231.5753,235.0376
238.8790,243.0559
247.5210,252.2236
257.1106,262.1266
267.2147,272.3172
277.3764,282.3349
287.1365,291.7269
296.0540,300.0689
303.7259,306.9837
309.8054,312.1589
314.0177,315.3607
316.1726,316.4443
712.2907,717.3878
722.4272,727.3517
732.1055,736.6349
740.8884,744.8179
748.3788,751.5309
754.2383,756.4705
758.2021,759.4135
760.0909,760.2268
759.8196,758.8738
757.4002,755.4155
752.9422,750.0083
746.6470,742.8965
738.7992,734.4015
729.7534,724.9073
719.9183,714.8429
709.7386,704.6631
699.6741,694.8281
690.1799,685.7823
681.6849,677.9344
674.5731,671.6392
669.1659,667.1812
665.7077,664.7619
664.3546,664.4905
665.1680,666.3794
668.1110,670.3431
673.0506,676.2026
679.7636,683.6931
687.9466,692.4759
697.2298,702.1543
707.1936,712.2907
268.4912,712.2907,47.9531
316.4443,316.1726
315.3607,314.0177
312.1589,309.8054
306.9837,303.7259
300.0689,296.0540
291.7269,287.1365
282.3349,277.3764
272.3172,267.2147
262.1266,257.1106
252.2236,247.5210
243.0559,238.8790
235.0376,231.5753
228.5312,225.9399
223.8307,222.2276
221.1486,220.6061
220.6061,221.1486
222.2276,223.8307
225.9399,228.5312
231.5753,235.0376
238.8790,243.0559
247.5210,252.2236
257.1106,262.1266
267.2147,272.3172
277.3764,282.3349
287.1365,291.7269
296.0540,300.0689
303.7259,306.9837
309.8054,312.1589
314.0177,315.3607
316.1726,316.4443
712.2907,717.3878
722.4272,727.3517
732.1055,736.6349
740.8884,744.8179
748.3788,751.5309
754.2383,756.4705
758.2021,759.4135
760.0909,760.2268
759.8196,758.8738
757.4002,755.4155
752.9422,750.0083
746.6470,742.8965
738.7992,734.4015
729.7534,724.9073
719.9183,714.8429
709.7386,704.6631
699.6741,694.8281
690.1799,685.7823
681.6849,677.9344
674.5731,671.6392
669.1659,667.1812
665.7077,664.7619
664.3546,664.4905
665.1680,666.3794
668.1110,670.3431
673.0506,676.2026
679.7636,683.6931
687.9466,692.4759
697.2298,702.1543
707.1936,712.2907
