[2034.1515,284.8840,30.9936]
[2065.1452,284.8840]
[2064.9696,288.1784]
[2064.4448,291.4355]
[2063.5768,294.6184]
[2062.3754,297.6910]
[2060.8542,300.6184]
[2059.0305,303.3676]
[2056.9249,305.9074]
[2054.5612,308.2089]
[2051.9663,310.2462]
[2049.1695,311.9961]
[2046.2026,313.4388]
[2043.0991,314.5580]
[2039.8943,315.3410]
[2036.6244,315.7788]
[2033.3265,315.8667]
[2030.0379,315.6034]
[2026.7959,314.9922]
[2023.6373,314.0397]
[2020.5978,312.7570]
[2017.7119,311.1584]
[2015.0122,309.2621]
[2012.5294,307.0896]
[2010.2916,304.6655]
[2008.3241,302.0173]
[2006.6493,299.1750]
[2005.2861,296.1707]
[2004.2499,293.0385]
[2003.5525,289.8140]
[2003.2018,286.5336]
[2003.2018,283.2345]
[2003.5525,279.9541]
[2004.2499,276.7295]
[2005.2861,273.5974]
[2006.6493,270.5931]
[2008.3241,267.7508]
[2010.2916,265.1025]
[2012.5294,262.6784]
[2015.0122,260.5059]
[2017.7119,258.6097]
[2020.5978,257.0111]
[2023.6373,255.7283]
[2026.7959,254.7759]
[2030.0379,254.1646]
[2033.3265,253.9014]
[2036.6244,253.9892]
[2039.8943,254.4271]
[2043.0991,255.2101]
[2046.2026,256.3292]
[2049.1695,257.7720]
[2051.9663,259.5219]
[2054.5612,261.5591]
[2056.9249,263.8607]
[2059.0305,266.4004]
[2060.8542,269.1496]
[2062.3754,272.0771]
[2063.5768,275.1497]
[2064.4448,278.3325]
[2064.9696,281.5896]
[2065.1452,284.8840]
[1391.2521,294.9734,25.8807]
[1417.1328,294.9734]
[1416.9862,297.7244]
[1416.5480,300.4442]
[1415.8232,303.1019]
[1414.8200,305.6676]
[1413.5498,308.1122]
[1412.0269,310.4078]
[1410.2686,312.5286]
[1408.2949,314.4505]
[1406.1280,316.1517]
[1403.7926,317.6129]
[1401.3152,318.8176]
[1398.7237,319.7522]
[1396.0475,320.4060]
[1393.3171,320.7716]
[1390.5632,320.8449]
[1387.8171,320.6251]
[1385.1100,320.1147]
[1382.4724,319.3194]
[1379.9343,318.2482]
[1377.5245,316.9134]
[1375.2702,315.3299]
[1373.1969,313.5158]
[1371.3283,311.4916]
[1369.6854,309.2803]
[1368.2868,306.9068]
[1367.1485,304.3982]
[1366.2833,301.7827]
[1365.7009,299.0901]
[1365.4081,296.3509]
[1365.4081,293.5960]
[1365.7009,290.8567]
[1366.2833,288.1641]
[1367.1485,285.5487]
[1368.2868,283.0400]
[1369.6854,280.6666]
[1371.3283,278.4552]
[1373.1969,276.4310]
[1375.2702,274.6169]
[1377.5245,273.0335]
[1379.9343,271.6986]
[1382.4724,270.6274]
[1385.1100,269.8321]
[1387.8171,269.3217]
[1390.5632,269.1019]
[1393.3171,269.1752]
[1396.0475,269.5409]
[1398.7237,270.1947]
[1401.3152,271.1292]
[1403.7926,272.3339]
[1406.1280,273.7952]
[1408.2949,275.4964]
[1410.2686,277.4182]
[1412.0269,279.5390]
[1413.5498,281.8347]
[1414.8200,284.2792]
[1415.8232,286.8449]
[1416.5480,289.5027]
[1416.9862,292.2225]
[1417.1328,294.9734]
[1506.1606,507.1613,25.5591]
[1531.7197,507.1613]
[1531.5749,509.8781]
[1531.1421,512.5641]
[1530.4263,515.1889]
[1529.4356,517.7227]
[1528.1811,520.1368]
[1526.6772,522.4040]
[1524.9407,524.4984]
[1522.9915,526.3964]
[1520.8516,528.0764]
[1518.5453,529.5195]
[1516.0986,530.7092]
[1513.5393,531.6322]
[1510.8964,532.2779]
[1508.1998,532.6390]
[1505.4802,532.7114]
[1502.7682,532.4943]
[1500.0947,531.9902]
[1497.4899,531.2048]
[1494.9834,530.1470]
[1492.6035,528.8287]
[1490.3772,527.2649]
[1488.3297,525.4733]
[1486.4843,523.4743]
[1484.8618,521.2904]
[1483.4806,518.9465]
[1482.3564,516.4690]
[1481.5020,513.8860]
[1480.9269,511.2269]
[1480.6377,508.5217]
[1480.6377,505.8010]
[1480.9269,503.0958]
[1481.5020,500.4367]
[1482.3564,497.8537]
[1483.4806,495.3762]
[1484.8618,493.0323]
[1486.4843,490.8484]
[1488.3297,488.8493]
[1490.3772,487.0578]
[1492.6035,485.4940]
[1494.9834,484.1757]
[1497.4899,483.1179]
[1500.0947,482.3325]
[1502.7682,481.8284]
[1505.4802,481.6113]
[1508.1998,481.6837]
[1510.8964,482.0448]
[1513.5393,482.6905]
[1516.0986,483.6134]
[1518.5453,484.8032]
[1520.8516,486.2463]
[1522.9915,487.9263]
[1524.9407,489.8243]
[1526.6772,491.9187]
[1528.1811,494.1859]
[1529.4356,496.6000]
[1530.4263,499.1338]
[1531.1421,501.7586]
[1531.5749,504.4446]
[1531.7197,507.1613]
[2028.0439,685.2262,25.6536]
[2053.6974,685.2262]
[2053.5521,687.9530]
[2053.1177,690.6489]
[2052.3993,693.2834]
[2051.4049,695.8266]
[2050.1458,698.2497]
[2048.6363,700.5252]
[2046.8934,702.6273]
[2044.9370,704.5323]
[2042.7892,706.2186]
[2040.4743,707.6670]
[2038.0186,708.8612]
[2035.4498,709.7875]
[2032.7972,710.4356]
[2030.0907,710.7980]
[2027.3610,710.8707]
[2024.6390,710.6528]
[2021.9556,710.1469]
[2019.3412,709.3585]
[2016.8254,708.2968]
[2014.4367,706.9736]
[2012.2022,705.4041]
[2010.1471,703.6059]
[2008.2949,701.5995]
[2006.6664,699.4075]
[2005.2801,697.0549]
[2004.1518,694.5682]
[2003.2941,691.9757]
[2002.7169,689.3068]
[2002.4267,686.5916]
[2002.4267,683.8609]
[2002.7169,681.1457]
[2003.2941,678.4767]
[2004.1518,675.8842]
[2005.2801,673.3976]
[2006.6664,671.0449]
[2008.2949,668.8530]
[2010.1471,666.8466]
[2012.2022,665.0484]
[2014.4367,663.4788]
[2016.8254,662.1557]
[2019.3412,661.0939]
[2021.9556,660.3056]
[2024.6390,659.7996]
[2027.3610,659.5818]
[2030.0907,659.6545]
[2032.7972,660.0169]
[2035.4498,660.6649]
[2038.0186,661.5913]
[2040.4743,662.7854]
[2042.7892,664.2338]
[2044.9370,665.9201]
[2046.8934,667.8251]
[2048.6363,669.9273]
[2050.1458,672.2028]
[2051.4049,674.6259]
[2052.3993,677.1690]
[2053.1177,679.8035]
[2053.5521,682.4994]
[2053.6974,685.2262]
[1385.2963,745.0100,48.7621]
[1434.0585,745.0100]
[1433.7822,750.1931]
[1432.9566,755.3175]
[1431.5910,760.3251]
[1429.7008,765.1591]
[1427.3075,769.7649]
[1424.4383,774.0902]
[1421.1255,778.0859]
[1417.4068,781.7070]
[1413.3242,784.9122]
[1408.9241,787.6653]
[1404.2562,789.9351]
[1399.3736,791.6960]
[1394.3314,792.9278]
[1389.1869,793.6167]
[1383.9983,793.7549]
[1378.8244,793.3407]
[1373.7238,792.3790]
[1368.7543,790.8806]
[1363.9723,788.8624]
[1359.4319,786.3474]
[1355.1845,783.3639]
[1351.2783,779.9460]
[1347.7576,776.1322]
[1344.6622,771.9657]
[1342.0272,767.4939]
[1339.8824,762.7673]
[1338.2522,757.8395]
[1337.1550,752.7663]
[1336.6033,747.6052]
[1336.6033,742.4148]
[1337.1550,737.2537]
[1338.2522,732.1806]
[1339.8824,727.2528]
[1342.0272,722.5262]
[1344.6622,718.0543]
[1347.7576,713.8879]
[1351.2783,710.0741]
[1355.1845,706.6561]
[1359.4319,703.6727]
[1363.9723,701.1576]
[1368.7543,699.1395]
[1373.7238,697.6410]
[1378.8244,696.6793]
[1383.9983,696.2652]
[1389.1869,696.4033]
[1394.3314,697.0922]
[1399.3736,698.3241]
[1404.2562,700.0849]
[1408.9241,702.3547]
[1413.3242,705.1078]
[1417.4068,708.3131]
[1421.1255,711.9341]
[1424.4383,715.9299]
[1427.3075,720.2551]
[1429.7008,724.8609]
[1431.5910,729.6950]
[1432.9566,734.7025]
[1433.7822,739.8269]
[1434.0585,745.0100]
