[60.2623,186.2305,18.4388]
[78.7010,78.5966]
[78.2844,77.7680]
[77.0533,76.1483]
[75.0633,73.8106]
[72.4044,70.8606]
[69.1968,67.4317]
[65.5854,63.6788]
[61.7334,59.7714]
[57.8150,55.8863]
[54.0071,52.1989]
[50.4820,48.8759]
[47.3988,46.0675]
[44.8970,43.9006]
[43.0896,42.4731]
[42.0583,41.8496]
[41.8496,42.0583]
[42.4731,43.0896]
[43.9006,44.8970]
[46.0675,47.3988]
[48.8759,50.4820]
[52.1989,54.0071]
[55.8863,57.8150]
[59.7714,61.7334]
[63.6788,65.5854]
[67.4317,69.1968]
[70.8606,72.4044]
[73.8106,75.0633]
[76.1483,77.0533]
[77.7680,78.2844]
[78.5966,78.7010]
[186.2305,188.1904]
[190.1281,192.0216]
[193.8496,195.5912]
[197.2267,198.7377]
[200.1069,201.3190]
[202.3600,203.2183]
[203.8841,204.3499]
[204.6104,204.6627]
[204.5061,204.1424]
[203.5758,202.8127]
[201.8616,200.7335]
[199.4410,197.9989]
[196.4234,194.7324]
[192.9451,191.0817]
[189.1634,187.2118]
[185.2491,183.2975]
[181.3792,179.5158]
[177.7285,176.0375]
[174.4620,173.0199]
[171.7274,170.5993]
[169.6483,168.8851]
[168.3185,167.9548]
[167.7982,167.8505]
[168.1110,168.5768]
[169.2426,170.1009]
[171.1420,172.3540]
[173.7232,175.2342]
[176.8697,178.6113]
[180.4393,182.3328]
[184.2705,186.2305]
[537.0720,608.6015,18.1785]
[555.2505,555.1475]
[554.8397,554.3306]
[553.6259,552.7337]
[551.6641,550.4291]
[549.0427,547.5207]
[545.8804,544.1402]
[542.3200,540.4402]
[538.5224,536.5881]
[534.6592,532.7577]
[530.9051,529.1224]
[527.4297,525.8463]
[524.3901,523.0776]
[521.9236,520.9413]
[520.1417,519.5340]
[519.1249,518.9193]
[518.9193,519.1249]
[519.5340,520.1417]
[520.9413,521.9236]
[523.0776,524.3901]
[525.8463,527.4297]
[529.1224,530.9051]
[532.7577,534.6592]
[536.5881,538.5224]
[540.4402,542.3200]
[544.1402,545.8804]
[547.5207,549.0427]
[550.4291,551.6641]
[552.7337,553.6259]
[554.3306,554.8397]
[555.1475,555.2505]
[608.6015,610.5338]
[612.4441,614.3109]
[616.1131,617.8301]
[619.4426,620.9322]
[622.2821,623.4770]
[624.5034,625.3496]
[626.0060,626.4652]
[626.7220,626.7735]
[626.6192,626.2606]
[625.7020,624.9496]
[624.0120,622.8998]
[621.6256,620.2038]
[618.6506,616.9835]
[615.2214,613.3843]
[611.4930,609.5690]
[607.6340,605.7100]
[603.8187,601.9816]
[600.2195,598.5524]
[596.9992,595.5774]
[594.3032,593.1910]
[592.2534,591.5010]
[590.9424,590.5839]
[590.4295,590.4810]
[590.7378,591.1970]
[591.8535,592.6996]
[593.7260,594.9209]
[596.2708,597.7605]
[599.3729,601.0899]
[602.8921,604.7589]
[606.6693,608.6015]
[223.9782,191.2352,18.6116]
[242.5898,242.4844]
[242.1693,241.6480]
[240.9266,240.0131]
[238.9180,237.6535]
[236.2342,234.6759]
[232.9965,231.2148]
[229.3512,227.4267]
[225.4631,223.4827]
[221.5079,219.5611]
[217.6644,215.8392]
[214.1062,212.4850]
[210.9941,209.6503]
[208.4688,207.4631]
[206.6445,206.0223]
[205.6035,205.3929]
[205.3929,205.6035]
[206.0223,206.6445]
[207.4631,208.4688]
[209.6503,210.9941]
[212.4850,214.1062]
[215.8392,217.6644]
[219.5611,221.5079]
[223.4827,225.4631]
[227.4267,229.3512]
[231.2148,232.9965]
[234.6759,236.2342]
[237.6535,238.9180]
[240.0131,240.9266]
[241.6480,242.1693]
[242.4844,242.5898]
[191.2352,193.2135]
[195.1694,197.0807]
[198.9258,200.6837]
[202.3346,203.8597]
[205.2418,206.4652]
[207.5160,208.3823]
[209.0544,209.5246]
[209.7875,209.8403]
[209.6822,209.3151]
[208.7432,207.9729]
[207.0129,205.8742]
[204.5697,203.1140]
[201.5237,199.8169]
[198.0128,196.1320]
[194.1956,192.2258]
[190.2447,188.2748]
[186.3384,184.4576]
[182.6535,180.9467]
[179.3564,177.9008]
[176.5962,175.4575]
[174.4975,173.7272]
[173.1553,172.7882]
[172.6302,172.6829]
[172.9458,173.4160]
[174.0881,174.9544]
[176.0053,177.2286]
[178.6107,180.1358]
[181.7867,183.5447]
[185.3897,187.3010]
[189.2569,191.2352]
[1027.7089,218.0134,16.8009]
[1044.5098,1044.4146]
[1044.1302,1043.6596]
[1043.0084,1042.1838]
[1041.1952,1040.0538]
[1038.7725,1037.3658]
[1035.8498,1034.2415]
[1032.5592,1030.8219]
[1029.0493,1027.2616]
[1025.4789,1023.7215]
[1022.0093,1020.3617]
[1018.7973,1017.3339]
[1015.9880,1014.7749]
[1013.7084,1012.8005]
[1012.0615,1011.4998]
[1011.1218,1010.9317]
[1010.9317,1011.1218]
[1011.4998,1012.0615]
[1012.8005,1013.7084]
[1014.7749,1015.9880]
[1017.3339,1018.7973]
[1020.3617,1022.0093]
[1023.7215,1025.4789]
[1027.2616,1029.0493]
[1030.8219,1032.5592]
[1034.2415,1035.8498]
[1037.3658,1038.7725]
[1040.0538,1041.1952]
[1042.1838,1043.0084]
[1043.6596,1044.1302]
[1044.4146,1044.5098]
[218.0134,219.7992]
[221.5648,223.2902]
[224.9557,226.5426]
[228.0329,229.4096]
[230.6573,231.7616]
[232.7102,233.4923]
[234.0990,234.5234]
[234.7608,234.8084]
[234.6657,234.3343]
[233.8180,233.1227]
[232.2561,231.2282]
[230.0505,228.7365]
[227.3009,225.7602]
[224.1316,222.4337]
[220.6858,218.9075]
[217.1192,215.3409]
[213.5930,211.8951]
[210.2666,208.7258]
[207.2903,205.9762]
[204.7986,203.7706]
[202.9041,202.2087]
[201.6924,201.3611]
[201.2184,201.2660]
[201.5033,201.9278]
[202.5344,203.3165]
[204.2651,205.3695]
[206.6171,207.9938]
[209.4841,211.0710]
[212.7366,214.4619]
[216.2275,218.0134]
[373.2972,591.7083,22.9057]
[396.2029,396.0731]
[395.6853,395.0438]
[394.1559,393.0317]
[391.6839,390.1277]
[388.3809,386.4631]
[384.3962,382.2035]
[379.9099,377.5414]
[375.1248,372.6875]
[370.2570,367.8611]
[365.5267,363.2804]
[361.1476,359.1524]
[357.3175,355.6636]
[354.2096,352.9718]
[351.9643,351.1986]
[350.6832,350.4240]
[350.4240,350.6832]
[351.1986,351.9643]
[352.9718,354.2096]
[355.6636,357.3175]
[359.1524,361.1476]
[363.2804,365.5267]
[367.8611,370.2570]
[372.6875,375.1248]
[377.5414,379.9099]
[382.2035,384.3962]
[386.4631,388.3809]
[390.1277,391.6839]
[393.0317,394.1559]
[395.0438,395.6853]
[396.0731,396.2029]
[591.7083,594.1430]
[596.5502,598.9024]
[601.1732,603.3367]
[605.3685,607.2455]
[608.9464,610.4521]
[611.7453,612.8116]
[613.6387,614.2173]
[614.5410,614.6059]
[614.4113,613.9596]
[613.2557,612.3077]
[611.1262,609.7248]
[608.1192,606.3277]
[604.3706,602.2699]
[600.0496,597.7348]
[595.3518,592.9274]
[590.4892,588.0648]
[585.6818,583.3670]
[581.1467,579.0460]
[577.0889,575.2974]
[573.6918,572.2904]
[571.1090,570.1609]
[569.4570,569.0053]
[568.8107,568.8756]
[569.1993,569.7779]
[570.6050,571.6713]
[572.9645,574.4702]
[576.1711,578.0481]
[580.0799,582.2434]
[584.5142,586.8664]
[589.2736,591.7083]
[858.4893,614.2786,16.8655]
[875.3548,875.2593]
[874.9737,874.5014]
[873.8476,873.0198]
[872.0274,870.8816]
[869.5954,868.1834]
[866.6615,865.0470]
[863.3582,861.6143]
[859.8349,858.0403]
[856.2508,854.4866]
[852.7678,851.1138]
[849.5434,848.0744]
[846.7233,845.5056]
[844.4350,843.5236]
[842.7818,842.2179]
[841.8384,841.6476]
[841.6476,841.8384]
[842.2179,842.7818]
[843.5236,844.4350]
[845.5056,846.7233]
[848.0744,849.5434]
[851.1138,852.7678]
[854.4866,856.2508]
[858.0403,859.8349]
[861.6143,863.3582]
[865.0470,866.6615]
[868.1834,869.5954]
[870.8816,872.0274]
[873.0198,873.8476]
[874.5014,874.9737]
[875.2593,875.3548]
[614.2786,616.0713]
[617.8436,619.5756]
[621.2476,622.8406]
[624.3366,625.7187]
[626.9711,628.0797]
[629.0319,629.8170]
[630.4260,630.8521]
[631.0903,631.1381]
[630.9949,630.6623]
[630.1440,629.4460]
[628.5761,627.5442]
[626.3620,625.0429]
[623.6018,622.0551]
[620.4203,618.7159]
[616.9613,615.1762]
[613.3809,611.5959]
[609.8412,608.1368]
[606.5020,604.9553]
[603.5142,602.1951]
[601.0129,599.9811]
[599.1112,598.4131]
[597.8949,597.5622]
[597.4190,597.4668]
[597.7051,598.1311]
[598.7401,599.5252]
[600.4774,601.5860]
[602.8385,604.2205]
[605.7165,607.3095]
[608.9815,610.7135]
[612.4859,614.2786]
[549.0062,203.0384,17.7413]
[566.7474,566.6469]
[566.3466,565.8497]
[565.1620,564.2912]
[563.2473,562.0420]
[560.6890,559.2036]
[557.6027,555.9044]
[554.1279,552.2934]
[550.4217,548.5339]
[546.6515,544.7957]
[542.9876,541.2478]
[539.5958,538.0505]
[536.6293,535.3483]
[534.2221,533.2634]
[532.4831,531.8900]
[531.4908,531.2900]
[531.2900,531.4908]
[531.8900,532.4831]
[533.2634,534.2221]
[535.3483,536.6293]
[538.0505,539.5958]
[541.2478,542.9876]
[544.7957,546.6515]
[548.5339,550.4217]
[552.2934,554.1279]
[555.9044,557.6027]
[559.2036,560.6890]
[562.0420,563.2473]
[564.2912,565.1620]
[565.8497,566.3466]
[566.6469,566.7474]
[203.0384,204.9242]
[206.7886,208.6105]
[210.3693,212.0450]
[213.6187,215.0725]
[216.3899,217.5561]
[218.5578,219.3836]
[220.0243,220.4725]
[220.7231,220.7734]
[220.6227,220.2728]
[219.7276,218.9933]
[218.0783,216.9928]
[215.7492,214.3616]
[212.8458,211.2188]
[209.4991,207.7062]
[205.8604,203.9826]
[202.0942,200.2164]
[198.3706,196.5777]
[194.8580,193.2310]
[191.7151,190.3275]
[189.0840,187.9985]
[187.0834,186.3492]
[185.8040,185.4541]
[185.3034,185.3537]
[185.6043,186.0525]
[186.6931,187.5190]
[188.5206,189.6868]
[191.0043,192.4581]
[194.0317,195.7075]
[197.4663,199.2882]
[201.1526,203.0384]
[870.5277,214.0009,18.5054]
[889.0331,888.9283]
[888.6150,888.0967]
[887.3794,886.4711]
[885.3822,884.1250]
[882.7137,881.1644]
[879.4945,877.7230]
[875.8700,873.9565]
[872.0041,870.0350]
[868.0715,866.1358]
[864.2499,862.4351]
[860.7120,859.1001]
[857.6177,856.2815]
[855.1068,854.1068]
[853.2929,852.6742]
[852.2578,852.0485]
[852.0485,852.2578]
[852.6742,853.2929]
[854.1068,855.1068]
[856.2815,857.6177]
[859.1001,860.7120]
[862.4351,864.2499]
[866.1358,868.0715]
[870.0350,872.0041]
[873.9565,875.8700]
[877.7230,879.4945]
[881.1644,882.7137]
[884.1250,885.3822]
[886.4711,887.3794]
[888.0967,888.6150]
[888.9283,889.0331]
[214.0009,215.9679]
[217.9126,219.8130]
[221.6475,223.3954]
[225.0369,226.5533]
[227.9275,229.1439]
[230.1887,231.0501]
[231.7184,232.1859]
[232.4473,232.4997]
[232.3426,231.9776]
[231.4089,230.6430]
[229.6886,228.5563]
[227.2592,225.8118]
[224.2307,222.5336]
[220.7398,218.8697]
[216.9444,214.9858]
[213.0160,211.0573]
[209.1320,207.2619]
[205.4681,203.7710]
[202.1899,200.7425]
[199.4454,198.3132]
[197.3587,196.5928]
[196.0241,195.6591]
[195.5020,195.5544]
[195.8158,196.2833]
[196.9516,197.8130]
[198.8578,200.0742]
[201.4484,202.9648]
[204.6063,206.3542]
[208.1887,210.0891]
[212.0338,214.0009]
[48.0470,594.4937,17.6238]
[65.6708,65.5710]
[65.2726,64.7790]
[64.0958,63.2309]
[62.1938,60.9965]
[59.6525,58.1769]
[56.5866,54.8996]
[53.1349,51.3125]
[49.4532,47.5779]
[45.7079,43.8644]
[42.0684,40.3400]
[38.6990,37.1639]
[35.7521,34.4797]
[33.3609,32.4085]
[31.6334,31.0442]
[30.6476,30.4482]
[30.4482,30.6476]
[31.0442,31.6334]
[32.4085,33.3609]
[34.4797,35.7521]
[37.1639,38.6990]
[40.3400,42.0684]
[43.8644,45.7079]
[47.5779,49.4532]
[51.3125,53.1349]
[54.8996,56.5866]
[58.1769,59.6525]
[60.9965,62.1938]
[63.2309,64.0958]
[64.7790,65.2726]
[65.5710,65.6708]
[594.4937,596.3670]
[598.2191,600.0290]
[601.7761,603.4407]
[605.0040,606.4481]
[607.7569,608.9153]
[609.9104,610.7307]
[611.3671,611.8123]
[612.0613,612.1113]
[611.9616,611.6140]
[611.0724,610.3430]
[609.4340,608.3557]
[607.1204,605.7420]
[604.2362,602.6199]
[600.9116,599.1306]
[597.2970,595.4317]
[593.5558,591.6904]
[589.8569,588.0759]
[586.3676,584.7513]
[583.2455,581.8671]
[580.6317,579.5535]
[578.6445,577.9151]
[577.3735,577.0259]
[576.8762,576.9262]
[577.1751,577.6204]
[578.2568,579.0771]
[580.0722,581.2306]
[582.5393,583.9835]
[585.5468,587.2114]
[588.9585,590.7684]
[592.6204,594.4937]
[212.3045,596.7131,17.6313]
[229.9358,229.8359]
[229.5374,229.0436]
[228.3602,227.4948]
[226.4573,225.2595]
[223.9149,222.4387]
[220.8477,219.1600]
[217.3945,215.5714]
[213.7112,211.8351]
[209.9643,208.1201]
[206.3232,204.5942]
[202.9524,201.4167]
[200.0043,198.7313]
[197.6120,196.6593]
[195.8838,195.2943]
[194.8976,194.6981]
[194.6981,194.8976]
[195.2943,195.8838]
[196.6593,197.6120]
[198.7313,200.0043]
[201.4167,202.9524]
[204.5942,206.3232]
[208.1201,209.9643]
[211.8351,213.7112]
[215.5714,217.3945]
[219.1600,220.8477]
[222.4387,223.9149]
[225.2595,226.4573]
[227.4948,228.3602]
[229.0436,229.5374]
[229.8359,229.9358]
[596.7131,598.5872]
[600.4400,602.2507]
[603.9986,605.6639]
[607.2278,608.6726]
[609.9819,611.1409]
[612.1363,612.9570]
[613.5937,614.0391]
[614.2882,614.3382]
[614.1884,613.8407]
[613.2989,612.5692]
[611.6598,610.5810]
[609.3452,607.9662]
[606.4597,604.8428]
[603.1337,601.3519]
[599.5176,597.6515]
[595.7747,593.9086]
[592.0742,590.2925]
[588.5834,586.9665]
[585.4600,584.0810]
[582.8451,581.7664]
[580.8570,580.1273]
[579.5855,579.2378]
[579.0880,579.1380]
[579.3871,579.8325]
[580.4691,581.2899]
[582.2853,583.4443]
[584.7536,586.1983]
[587.7623,589.4276]
[591.1755,592.9861]
[594.8390,596.7131]
[1017.1903,617.7662,17.5873]
[1034.7776,1034.6780]
[1034.3802,1033.8877]
[1033.2059,1032.3427]
[1031.3078,1030.1130]
[1028.7718,1027.2993]
[1025.7123,1024.0287]
[1022.2676,1020.4490]
[1018.5935,1016.7221]
[1014.8560,1013.0164]
[1011.2240,1009.4992]
[1007.8616,1006.3297]
[1004.9208,1003.6510]
[1002.5345,1001.5842]
[1000.8106,1000.2226]
[999.8269,999.6279]
[999.6279,999.8269]
[1000.2226,1000.8106]
[1001.5842,1002.5345]
[1003.6510,1004.9208]
[1006.3297,1007.8616]
[1009.4992,1011.2240]
[1013.0164,1014.8560]
[1016.7221,1018.5935]
[1020.4490,1022.2676]
[1024.0287,1025.7123]
[1027.2993,1028.7718]
[1030.1130,1031.3078]
[1032.3427,1033.2059]
[1033.8877,1034.3802]
[1034.6780,1034.7776]
[617.7662,619.6357]
[621.4839,623.2900]
[625.0335,626.6947]
[628.2547,629.6959]
[631.0019,632.1580]
[633.1510,633.9696]
[634.6047,635.0490]
[635.2975,635.3473]
[635.1980,634.8511]
[634.3106,633.5827]
[632.6756,631.5996]
[630.3668,628.9912]
[627.4885,625.8756]
[624.1708,622.3935]
[620.5637,618.7023]
[616.8302,614.9687]
[613.1390,611.3616]
[609.6569,608.0440]
[606.5412,605.1657]
[603.9329,602.8569]
[601.9497,601.2218]
[600.6814,600.3345]
[600.1851,600.2350]
[600.4835,600.9277]
[601.5628,602.3815]
[603.3745,604.5305]
[605.8365,607.2777]
[608.8378,610.4989]
[612.2425,614.0486]
[615.8968,617.7662]
[389.8516,196.0351,19.8445]
[409.6961,409.5836]
[409.2476,408.6919]
[407.9226,406.9487]
[405.7810,404.4328]
[402.9194,401.2579]
[399.4672,397.5676]
[395.5805,393.5285]
[391.4349,389.3233]
[387.2177,385.1419]
[383.1195,381.1734]
[379.3256,377.5971]
[376.0074,374.5746]
[373.3149,372.2425]
[371.3697,370.7062]
[370.2597,370.0352]
[370.0352,370.2597]
[370.7062,371.3697]
[372.2425,373.3149]
[374.5746,376.0074]
[377.5971,379.3256]
[381.1734,383.1195]
[385.1419,387.2177]
[389.3233,391.4349]
[393.5285,395.5805]
[397.5676,399.4672]
[401.2579,402.9194]
[404.4328,405.7810]
[406.9487,407.9226]
[408.6919,409.2476]
[409.5836,409.6961]
[196.0351,198.1444]
[200.2299,202.2678]
[204.2351,206.1095]
[207.8697,209.4958]
[210.9695,212.2739]
[213.3943,214.3181]
[215.0346,215.5360]
[215.8163,215.8726]
[215.7040,215.3126]
[214.7028,213.8815]
[212.8580,211.6438]
[210.2528,208.7007]
[207.0051,205.1852]
[203.2617,201.2562]
[199.1916,197.0913]
[194.9789,192.8786]
[190.8139,188.8085]
[186.8849,185.0650]
[183.3695,181.8174]
[180.4264,179.2122]
[178.1887,177.3674]
[176.7575,176.3662]
[176.1976,176.2539]
[176.5342,177.0355]
[177.7521,178.6759]
[179.7963,181.1007]
[182.5743,184.2005]
[185.9607,187.8351]
[189.8024,191.8403]
[193.9257,196.0351]
[711.9056,208.9631,19.3314]
[731.2369,731.1274]
[730.8001,730.2587]
[729.5094,728.5606]
[727.4231,726.1097]
[724.6355,723.0170]
[721.2726,719.4221]
[717.4864,715.4874]
[713.4479,711.3909]
[709.3398,707.3177]
[705.3476,703.4518]
[701.6518,699.9680]
[698.4194,697.0236]
[695.7965,694.7518]
[693.9016,693.2553]
[692.8203,692.6016]
[692.6016,692.8203]
[693.2553,693.9016]
[694.7518,695.7965]
[697.0236,698.4194]
[699.9680,701.6518]
[703.4518,705.3476]
[707.3177,709.3398]
[711.3909,713.4479]
[715.4874,717.4864]
[719.4221,721.2726]
[723.0170,724.6355]
[726.1097,727.4231]
[728.5606,729.5094]
[730.2587,730.8001]
[731.1274,731.2369]
[208.9631,211.0179]
[213.0494,215.0346]
[216.9510,218.7769]
[220.4917,222.0758]
[223.5113,224.7820]
[225.8734,226.7733]
[227.4713,227.9597]
[228.2328,228.2876]
[228.1234,227.7421]
[227.1481,226.3480]
[225.3509,224.1682]
[222.8132,221.3012]
[219.6494,217.8766]
[216.0028,214.0492]
[212.0380,209.9919]
[207.9342,205.8882]
[203.8769,201.9234]
[200.0495,198.2767]
[196.6249,195.1130]
[193.7580,192.5752]
[191.5781,190.7781]
[190.1840,189.8027]
[189.6386,189.6933]
[189.9664,190.4548]
[191.1529,192.0527]
[193.1442,194.4149]
[195.8504,197.4345]
[199.1492,200.9751]
[202.8915,204.8768]
[206.9083,208.9631]
[1189.9345,224.2241,18.1350]
[1208.0696,1207.9669]
[1207.6598,1207.1519]
[1206.4489,1205.5589]
[1204.4918,1203.2597]
[1201.8767,1200.3583]
[1198.7219,1196.9859]
[1195.1700,1193.2948]
[1191.3815,1189.4518]
[1187.5276,1185.6306]
[1183.7824,1182.0040]
[1180.3153,1178.7357]
[1177.2830,1175.9736]
[1174.8224,1173.8424]
[1173.0447,1172.4384]
[1172.0304,1171.8252]
[1171.8252,1172.0304]
[1172.4384,1173.0447]
[1173.8424,1174.8224]
[1175.9736,1177.2830]
[1178.7357,1180.3153]
[1182.0040,1183.7824]
[1185.6306,1187.5276]
[1189.4518,1191.3815]
[1193.2948,1195.1700]
[1196.9859,1198.7219]
[1200.3583,1201.8767]
[1203.2597,1204.4918]
[1205.5589,1206.4489]
[1207.1519,1207.6598]
[1207.9669,1208.0696]
[224.2241,226.1517]
[228.0575,229.9198]
[231.7177,233.4306]
[235.0392,236.5253]
[237.8720,239.0640]
[240.0879,240.9321]
[241.5869,242.0451]
[242.3013,242.3527]
[242.1987,241.8410]
[241.2837,240.5331]
[239.5978,238.4882]
[237.2170,235.7986]
[234.2491,232.5860]
[230.8281,228.9954]
[227.1087,225.1892]
[223.2589,221.3394]
[219.4527,217.6200]
[215.8621,214.1990]
[212.6495,211.2311]
[209.9599,208.8504]
[207.9150,207.1644]
[206.6071,206.2495]
[206.0954,206.1468]
[206.4030,206.8612]
[207.5160,208.3602]
[209.3841,210.5761]
[211.9228,213.4089]
[215.0175,216.7304]
[218.5283,220.3906]
[222.2964,224.2241]
[698.8957,610.3587,18.4750]
[717.3708,717.2661]
[716.9533,716.4359]
[715.7197,714.8130]
[713.7259,712.4707]
[711.0618,709.5150]
[707.8478,706.0793]
[704.2293,702.3190]
[700.3698,698.4039]
[696.4436,694.5111]
[692.6283,690.8165]
[689.0962,687.4870]
[686.0070,684.6730]
[683.5003,682.5019]
[681.6893,681.0716]
[680.6559,680.4469]
[680.4469,680.6559]
[681.0716,681.6893]
[682.5019,683.5003]
[684.6730,686.0070]
[687.4870,689.0962]
[690.8165,692.6283]
[694.5111,696.4436]
[698.4039,700.3698]
[702.3190,704.2293]
[706.0793,707.8478]
[709.5150,711.0618]
[712.4707,713.7259]
[714.8130,715.7197]
[716.4359,716.9533]
[717.2661,717.3708]
[610.3587,612.3224]
[614.2640,616.1612]
[617.9928,619.7378]
[621.3766,622.8905]
[624.2624,625.4768]
[626.5199,627.3799]
[628.0470,628.5138]
[628.7748,628.8271]
[628.6702,628.3058]
[627.7381,626.9735]
[626.0206,624.8902]
[623.5952,622.1502]
[620.5716,618.8773]
[617.0865,615.2195]
[613.2974,611.3419]
[609.3754,607.4200]
[605.4978,603.6308]
[601.8400,600.1457]
[598.5671,597.1221]
[595.8271,594.6967]
[593.7438,592.9792]
[592.4115,592.0471]
[591.8902,591.9425]
[592.2035,592.6703]
[593.3374,594.1974]
[595.2405,596.4549]
[597.8268,599.3408]
[600.9795,602.7246]
[604.5561,606.4534]
[608.3949,610.3587]
[1175.6417,621.6917,17.3588]
[1193.0005,1192.9022]
[1192.6082,1192.1221]
[1191.4492,1190.5972]
[1189.5758,1188.3965]
[1187.0727,1185.6193]
[1184.0529,1182.3912]
[1180.6530,1178.8581]
[1177.0267,1175.1796]
[1173.3377,1171.5220]
[1169.7529,1168.0505]
[1166.4342,1164.9222]
[1163.5316,1162.2783]
[1161.1763,1160.2383]
[1159.4748,1158.8944]
[1158.5038,1158.3074]
[1158.3074,1158.5038]
[1158.8944,1159.4748]
[1160.2383,1161.1763]
[1162.2783,1163.5316]
[1164.9222,1166.4342]
[1168.0505,1169.7529]
[1171.5220,1173.3377]
[1175.1796,1177.0267]
[1178.8581,1180.6530]
[1182.3912,1184.0529]
[1185.6193,1187.0727]
[1188.3965,1189.5758]
[1190.5972,1191.4492]
[1192.1221,1192.6082]
[1192.9022,1193.0005]
[621.6917,623.5368]
[625.3611,627.1437]
[628.8646,630.5042]
[632.0440,633.4664]
[634.7555,635.8965]
[636.8766,637.6846]
[638.3114,638.7500]
[638.9952,639.0444]
[638.8970,638.5546]
[638.0212,637.3027]
[636.4074,635.3453]
[634.1286,632.7709]
[631.2877,629.6957]
[628.0131,626.2589]
[624.4529,622.6156]
[620.7678,618.9306]
[617.1246,615.3703]
[613.6877,612.0958]
[610.6125,609.2549]
[608.0381,606.9760]
[606.0807,605.3623]
[604.8288,604.4865]
[604.3390,604.3882]
[604.6335,605.0720]
[605.6988,606.5069]
[607.4869,608.6280]
[609.9170,611.3395]
[612.8792,614.5188]
[616.2397,618.0224]
[619.8466,621.6917]
