[929.6167,283.3731,30.8206]
[960.4373,283.3731]
[960.2627,286.6492]
[959.7409,289.8881]
[958.8777,293.0532]
[957.6830,296.1086]
[956.1703,299.0197]
[954.3568,301.7535]
[952.2629,304.2791]
[949.9124,306.5678]
[947.3320,308.5937]
[944.5509,310.3339]
[941.6005,311.7685]
[938.5144,312.8815]
[935.3274,313.6601]
[932.0758,314.0955]
[928.7963,314.1828]
[925.5260,313.9211]
[922.3022,313.3132]
[919.1612,312.3661]
[916.1387,311.0905]
[913.2688,309.5008]
[910.5843,307.6151]
[908.1153,305.4548]
[905.8900,303.0442]
[903.9335,300.4108]
[902.2680,297.5843]
[900.9124,294.5968]
[899.8820,291.4821]
[899.1885,288.2756]
[898.8398,285.0135]
[898.8398,281.7328]
[899.1885,278.4707]
[899.8820,275.2642]
[900.9124,272.1495]
[902.2680,269.1620]
[903.9335,266.3355]
[905.8900,263.7021]
[908.1153,261.2915]
[910.5843,259.1312]
[913.2688,257.2455]
[916.1387,255.6558]
[919.1612,254.3802]
[922.3022,253.4331]
[925.5260,252.8252]
[928.7963,252.5635]
[932.0758,252.6508]
[935.3274,253.0862]
[938.5144,253.8648]
[941.6005,254.9778]
[944.5509,256.4124]
[947.3320,258.1526]
[949.9124,260.1785]
[952.2629,262.4672]
[954.3568,264.9928]
[956.1703,267.7266]
[957.6830,270.6377]
[958.8777,273.6931]
[959.7409,276.8582]
[960.2627,280.0971]
[960.4373,283.3731]
[290.4839,294.0097,25.5658]
[316.0497,294.0097]
[315.9049,296.7271]
[315.4720,299.4138]
[314.7560,302.0393]
[313.7650,304.5738]
[312.5102,306.9886]
[311.0059,309.2563]
[309.2690,311.3513]
[307.3193,313.2497]
[305.1788,314.9302]
[302.8718,316.3737]
[300.4245,317.5638]
[297.8645,318.4869]
[295.2209,319.1328]
[292.5237,319.4940]
[289.8033,319.5664]
[287.0906,319.3493]
[284.4164,318.8451]
[281.8110,318.0594]
[279.3038,317.0013]
[276.9232,315.6827]
[274.6964,314.1185]
[272.6484,312.3265]
[270.8025,310.3269]
[269.1795,308.1425]
[267.7980,305.7979]
[266.6735,303.3197]
[265.8188,300.7361]
[265.2436,298.0763]
[264.9543,295.3703]
[264.9543,292.6490]
[265.2436,289.9431]
[265.8188,287.2832]
[266.6735,284.6996]
[267.7980,282.2215]
[269.1795,279.8769]
[270.8025,277.6924]
[272.6484,275.6929]
[274.6964,273.9008]
[276.9232,272.3367]
[279.3038,271.0180]
[281.8110,269.9599]
[284.4164,269.1743]
[287.0906,268.6701]
[289.8033,268.4529]
[292.5237,268.5254]
[295.2209,268.8866]
[297.8645,269.5324]
[300.4245,270.4556]
[302.8718,271.6456]
[305.1788,273.0891]
[307.3193,274.7696]
[309.2690,276.6681]
[311.0059,278.7631]
[312.5102,281.0308]
[313.7650,283.4456]
[314.7560,285.9800]
[315.4720,288.6055]
[315.9049,291.2922]
[316.0497,294.0097]
[406.6648,505.6144,25.3319]
[431.9967,505.6144]
[431.8532,508.3070]
[431.4242,510.9691]
[430.7148,513.5706]
[429.7329,516.0819]
[428.4896,518.4745]
[426.9990,520.7215]
[425.2780,522.7973]
[423.3461,524.6784]
[421.2252,526.3436]
[418.9394,527.7738]
[416.5144,528.9530]
[413.9779,529.8677]
[411.3585,530.5076]
[408.6859,530.8655]
[405.9905,530.9373]
[403.3026,530.7222]
[400.6529,530.2226]
[398.0712,529.4441]
[395.5870,528.3957]
[393.2282,527.0891]
[391.0217,525.5392]
[388.9925,523.7636]
[387.1635,521.7823]
[385.5554,519.6179]
[384.1865,517.2948]
[383.0723,514.8393]
[382.2254,512.2793]
[381.6555,509.6438]
[381.3688,506.9626]
[381.3688,504.2662]
[381.6555,501.5850]
[382.2254,498.9495]
[383.0723,496.3896]
[384.1865,493.9341]
[385.5554,491.6110]
[387.1635,489.4465]
[388.9925,487.4652]
[391.0217,485.6896]
[393.2282,484.1397]
[395.5870,482.8332]
[398.0712,481.7847]
[400.6529,481.0063]
[403.3026,480.5067]
[405.9905,480.2915]
[408.6859,480.3633]
[411.3585,480.7212]
[413.9779,481.3611]
[416.5144,482.2759]
[418.9394,483.4550]
[421.2252,484.8853]
[423.3461,486.5504]
[425.2780,488.4315]
[426.9990,490.5073]
[428.4896,492.7543]
[429.7329,495.1470]
[430.7148,497.6583]
[431.4242,500.2597]
[431.8532,502.9218]
[431.9967,505.6144]
[926.0202,683.6041,25.3200]
[951.3402,683.6041]
[951.1968,686.2955]
[950.7681,688.9563]
[950.0590,691.5566]
[949.0775,694.0667]
[947.8348,696.4582]
[946.3449,698.7042]
[944.6247,700.7790]
[942.6937,702.6592]
[940.5738,704.3236]
[938.2890,705.7531]
[935.8652,706.9318]
[933.3299,707.8461]
[930.7117,708.4857]
[928.0404,708.8434]
[925.3462,708.9152]
[922.6596,708.7001]
[920.0111,708.2008]
[917.4307,707.4227]
[914.9476,706.3747]
[912.5899,705.0688]
[910.3845,703.5196]
[908.3562,701.7448]
[906.5280,699.7645]
[904.9207,697.6010]
[903.5524,695.2790]
[902.4388,692.8247]
[901.5923,690.2659]
[901.0226,687.6316]
[900.7361,684.9517]
[900.7361,682.2566]
[901.0226,679.5766]
[901.5923,676.9424]
[902.4388,674.3836]
[903.5524,671.9293]
[904.9207,669.6072]
[906.5280,667.4438]
[908.3562,665.4634]
[910.3845,663.6886]
[912.5899,662.1395]
[914.9476,660.8335]
[917.4307,659.7856]
[920.0111,659.0075]
[922.6596,658.5081]
[925.3462,658.2931]
[928.0404,658.3648]
[930.7117,658.7226]
[933.3299,659.3622]
[935.8652,660.2765]
[938.2890,661.4551]
[940.5738,662.8847]
[942.6937,664.5490]
[944.6247,666.4293]
[946.3449,668.5041]
[947.8348,670.7500]
[949.0775,673.1416]
[950.0590,675.6517]
[950.7681,678.2519]
[951.1968,680.9128]
[951.3402,683.6041]
[288.4772,742.3788,48.2356]
[336.7128,742.3788]
[336.4396,747.5059]
[335.6229,752.5750]
[334.2720,757.5285]
[332.4022,762.3103]
[330.0348,766.8664]
[327.1965,771.1449]
[323.9195,775.0976]
[320.2409,778.6795]
[316.2024,781.8501]
[311.8498,784.5735]
[307.2324,786.8188]
[302.4025,788.5606]
[297.4147,789.7791]
[292.3258,790.4606]
[287.1932,790.5973]
[282.0751,790.1876]
[277.0296,789.2363]
[272.1139,787.7540]
[267.3835,785.7576]
[262.8921,783.2698]
[258.6906,780.3186]
[254.8266,776.9375]
[251.3438,773.1649]
[248.2819,769.0434]
[245.6753,764.6199]
[243.5537,759.9443]
[241.9411,755.0697]
[240.8558,750.0513]
[240.3100,744.9460]
[240.3100,739.8116]
[240.8558,734.7063]
[241.9411,729.6879]
[243.5537,724.8133]
[245.6753,720.1377]
[248.2819,715.7142]
[251.3438,711.5927]
[254.8266,707.8201]
[258.6906,704.4390]
[262.8921,701.4878]
[267.3835,698.9999]
[272.1139,697.0036]
[277.0296,695.5213]
[282.0751,694.5700]
[287.1932,694.1603]
[292.3258,694.2970]
[297.4147,694.9785]
[302.4025,696.1970]
[307.2324,697.9388]
[311.8498,700.1841]
[316.2024,702.9075]
[320.2409,706.0781]
[323.9195,709.6600]
[327.1965,713.6127]
[330.0348,717.8912]
[332.4022,722.4473]
[334.2720,727.2291]
[335.6229,732.1826]
[336.4396,737.2517]
[336.7128,742.3788]
