[843.0423,424.2066,11.1125]
[854.1549,424.2066]
[854.0919,425.3878]
[853.9037,426.5556]
[853.5925,427.6968]
[853.1618,428.7984]
[852.6164,429.8480]
[851.9625,430.8337]
[851.2075,431.7444]
[850.3601,432.5696]
[849.4297,433.3000]
[848.4269,433.9274]
[847.3631,434.4447]
[846.2504,434.8460]
[845.1014,435.1267]
[843.9290,435.2837]
[842.7465,435.3152]
[841.5674,435.2208]
[840.4050,435.0016]
[839.2725,434.6602]
[838.1827,434.2002]
[837.1480,433.6271]
[836.1801,432.9472]
[835.2899,432.1682]
[834.4875,431.2991]
[833.7821,430.3496]
[833.1816,429.3305]
[832.6928,428.2533]
[832.3213,427.1303]
[832.0713,425.9742]
[831.9455,424.7980]
[831.9455,423.6152]
[832.0713,422.4390]
[832.3213,421.2829]
[832.6928,420.1599]
[833.1816,419.0827]
[833.7821,418.0636]
[834.4875,417.1141]
[835.2899,416.2450]
[836.1801,415.4660]
[837.1480,414.7861]
[838.1827,414.2130]
[839.2725,413.7530]
[840.4050,413.4116]
[841.5674,413.1924]
[842.7465,413.0980]
[843.9290,413.1295]
[845.1014,413.2865]
[846.2504,413.5672]
[847.3631,413.9685]
[848.4269,414.4858]
[849.4297,415.1132]
[850.3601,415.8436]
[851.2075,416.6688]
[851.9625,417.5795]
[852.6164,418.5651]
[853.1618,419.6148]
[853.5925,420.7164]
[853.9037,421.8576]
[854.0919,423.0254]
[854.1549,424.2066]
[1115.0000,430.4610,15.2540]
[1130.2540,430.4610]
[1130.1676,432.0824]
[1129.9093,433.6854]
[1129.4821,435.2519]
[1128.8908,436.7641]
[1128.1422,438.2049]
[1127.2446,439.5580]
[1126.2083,440.8080]
[1125.0450,441.9407]
[1123.7678,442.9434]
[1122.3914,443.8046]
[1120.9311,444.5147]
[1119.4037,445.0655]
[1117.8264,445.4509]
[1116.2171,445.6664]
[1114.5939,445.7096]
[1112.9754,445.5801]
[1111.3798,445.2792]
[1109.8252,444.8104]
[1108.3293,444.1791]
[1106.9089,443.3923]
[1105.5803,442.4591]
[1104.3583,441.3898]
[1103.2569,440.1968]
[1102.2886,438.8934]
[1101.4643,437.4945]
[1100.7934,436.0159]
[1100.2834,434.4744]
[1099.9402,432.8873]
[1099.7676,431.2728]
[1099.7676,429.6491]
[1099.9402,428.0346]
[1100.2834,426.4476]
[1100.7934,424.9061]
[1101.4643,423.4275]
[1102.2886,422.0285]
[1103.2569,420.7252]
[1104.3583,419.5321]
[1105.5803,418.4629]
[1106.9089,417.5296]
[1108.3293,416.7428]
[1109.8252,416.1115]
[1111.3798,415.6428]
[1112.9754,415.3419]
[1114.5939,415.2124]
[1116.2171,415.2556]
[1117.8264,415.4711]
[1119.4037,415.8564]
[1120.9311,416.4073]
[1122.3914,417.1173]
[1123.7678,417.9786]
[1125.0450,418.9812]
[1126.2083,420.1140]
[1127.2446,421.3640]
[1128.1422,422.7170]
[1128.8908,424.1578]
[1129.4821,425.6700]
[1129.9093,427.2365]
[1130.1676,428.8396]
[1130.2540,430.4610]
[850.4360,630.0702,15.2900]
[865.7260,630.0702]
[865.6394,631.6955]
[865.3805,633.3023]
[864.9523,634.8725]
[864.3596,636.3882]
[863.6092,637.8324]
[862.7095,639.1887]
[861.6707,640.4416]
[860.5046,641.5770]
[859.2245,642.5821]
[857.8448,643.4454]
[856.3811,644.1571]
[854.8501,644.7092]
[853.2690,645.0955]
[851.6559,645.3115]
[850.0290,645.3548]
[848.4066,645.2250]
[846.8073,644.9234]
[845.2490,644.4535]
[843.7495,643.8207]
[842.3258,643.0321]
[840.9940,642.0966]
[839.7692,641.0249]
[838.6652,639.8290]
[837.6946,638.5225]
[836.8684,637.1203]
[836.1958,635.6382]
[835.6847,634.0931]
[835.3406,632.5023]
[835.1676,630.8840]
[835.1676,629.2565]
[835.3406,627.6381]
[835.6847,626.0474]
[836.1958,624.5022]
[836.8684,623.0201]
[837.6946,621.6179]
[838.6652,620.3115]
[839.7692,619.1156]
[840.9940,618.0438]
[842.3258,617.1084]
[843.7495,616.3197]
[845.2490,615.6869]
[846.8073,615.2171]
[848.4066,614.9155]
[850.0290,614.7856]
[851.6559,614.8290]
[853.2690,615.0450]
[854.8501,615.4312]
[856.3811,615.9834]
[857.8448,616.6951]
[859.2245,617.5584]
[860.5046,618.5634]
[861.6707,619.6988]
[862.7095,620.9518]
[863.6092,622.3080]
[864.3596,623.7522]
[864.9523,625.2680]
[865.3805,626.8382]
[865.6394,628.4450]
[865.7260,630.0702]
[1097.9774,632.9440,11.0865]
[1109.0639,632.9440]
[1109.0011,634.1224]
[1108.8134,635.2875]
[1108.5029,636.4260]
[1108.0732,637.5251]
[1107.5290,638.5722]
[1106.8767,639.5556]
[1106.1235,640.4641]
[1105.2780,641.2874]
[1104.3498,642.0161]
[1103.3494,642.6421]
[1102.2881,643.1581]
[1101.1780,643.5585]
[1100.0316,643.8385]
[1098.8619,643.9952]
[1097.6822,644.0266]
[1096.5059,643.9324]
[1095.3462,643.7138]
[1094.2164,643.3731]
[1093.1291,642.9142]
[1092.0968,642.3424]
[1091.1312,641.6641]
[1090.2430,640.8870]
[1089.4426,640.0199]
[1088.7388,639.0726]
[1088.1397,638.0559]
[1087.6521,636.9813]
[1087.2814,635.8609]
[1087.0320,634.7074]
[1086.9065,633.5340]
[1086.9065,632.3539]
[1087.0320,631.1805]
[1087.2814,630.0271]
[1087.6521,628.9067]
[1088.1397,627.8320]
[1088.7388,626.8153]
[1089.4426,625.8680]
[1090.2430,625.0009]
[1091.1312,624.2238]
[1092.0968,623.5455]
[1093.1291,622.9737]
[1094.2164,622.5149]
[1095.3462,622.1742]
[1096.5059,621.9555]
[1097.6822,621.8614]
[1098.8619,621.8928]
[1100.0316,622.0494]
[1101.1780,622.3295]
[1102.2881,622.7298]
[1103.3494,623.2459]
[1104.3498,623.8718]
[1105.2780,624.6006]
[1106.1235,625.4238]
[1106.8767,626.3323]
[1107.5290,627.3157]
[1108.0732,628.3629]
[1108.5029,629.4619]
[1108.8134,630.6005]
[1109.0011,631.7655]
[1109.0639,632.9440]
