[816.5264,442.4873,11.0098]
[827.5361,442.4873]
[827.4738,443.6575]
[827.2873,444.8146]
[826.9790,445.9452]
[826.5522,447.0366]
[826.0119,448.0766]
[825.3640,449.0531]
[824.6161,449.9553]
[823.7764,450.7729]
[822.8546,451.4966]
[821.8612,452.1182]
[820.8072,452.6307]
[819.7048,453.0283]
[818.5663,453.3064]
[817.4048,453.4619]
[816.2333,453.4931]
[815.0651,453.3996]
[813.9135,453.1825]
[812.7914,452.8442]
[811.7117,452.3885]
[810.6866,451.8206]
[809.7276,451.1470]
[808.8456,450.3753]
[808.0507,449.5142]
[807.3518,448.5735]
[806.7568,447.5638]
[806.2726,446.4966]
[805.9045,445.3840]
[805.6568,444.2385]
[805.5322,443.0732]
[805.5322,441.9013]
[805.6568,440.7360]
[805.9045,439.5906]
[806.2726,438.4780]
[806.7568,437.4108]
[807.3518,436.4011]
[808.0507,435.4604]
[808.8456,434.5993]
[809.7276,433.8275]
[810.6866,433.1539]
[811.7117,432.5861]
[812.7914,432.1304]
[813.9135,431.7921]
[815.0651,431.5749]
[816.2333,431.4814]
[817.4048,431.5126]
[818.5663,431.6682]
[819.7048,431.9463]
[820.8072,432.3438]
[821.8612,432.8563]
[822.8546,433.4780]
[823.7764,434.2016]
[824.6161,435.0192]
[825.3640,435.9214]
[826.0119,436.8980]
[826.5522,437.9379]
[826.9790,439.0294]
[827.2873,440.1600]
[827.4738,441.3170]
[827.5361,442.4873]
[1072.8574,456.8650,15.2496]
[1088.1071,456.8650]
[1088.0207,458.4859]
[1087.7625,460.0885]
[1087.3354,461.6545]
[1086.7443,463.1663]
[1085.9958,464.6067]
[1085.0985,465.9593]
[1084.0625,467.2089]
[1082.8995,468.3414]
[1081.6227,469.3438]
[1080.2467,470.2048]
[1078.7869,470.9146]
[1077.2599,471.4653]
[1075.6830,471.8505]
[1074.0741,472.0660]
[1072.4515,472.1092]
[1070.8334,471.9796]
[1069.2383,471.6789]
[1067.6842,471.2103]
[1066.1887,470.5791]
[1064.7687,469.7926]
[1063.4404,468.8596]
[1062.2188,467.7906]
[1061.1178,466.5979]
[1060.1497,465.2949]
[1059.3257,463.8964]
[1058.6549,462.4183]
[1058.1451,460.8772]
[1057.8020,459.2906]
[1057.6294,457.6766]
[1057.6294,456.0533]
[1057.8020,454.4393]
[1058.1451,452.8527]
[1058.6549,451.3116]
[1059.3257,449.8335]
[1060.1497,448.4350]
[1061.1178,447.1320]
[1062.2188,445.9393]
[1063.4404,444.8704]
[1064.7687,443.9373]
[1066.1887,443.1508]
[1067.6842,442.5196]
[1069.2383,442.0510]
[1070.8334,441.7503]
[1072.4515,441.6208]
[1074.0741,441.6640]
[1075.6830,441.8794]
[1077.2599,442.2646]
[1078.7869,442.8153]
[1080.2467,443.5252]
[1081.6227,444.3862]
[1082.8995,445.3885]
[1084.0625,446.5210]
[1085.0985,447.7706]
[1085.9958,449.1233]
[1086.7443,450.5636]
[1087.3354,452.0754]
[1087.7625,453.6415]
[1088.0207,455.2440]
[1088.1071,456.8650]
[1066.8572,639.4534,10.9198]
[1077.7770,639.4534]
[1077.7151,640.6141]
[1077.5302,641.7617]
[1077.2244,642.8831]
[1076.8011,643.9656]
[1076.2652,644.9970]
[1075.6226,645.9656]
[1074.8808,646.8604]
[1074.0480,647.6713]
[1073.1337,648.3891]
[1072.1484,649.0057]
[1071.1031,649.5140]
[1070.0096,649.9083]
[1068.8805,650.1841]
[1067.7284,650.3384]
[1066.5665,650.3694]
[1065.4078,650.2766]
[1064.2656,650.0612]
[1063.1527,649.7257]
[1062.0818,649.2737]
[1061.0650,648.7105]
[1060.1139,648.0424]
[1059.2391,647.2770]
[1058.4507,646.4229]
[1057.7575,645.4899]
[1057.1674,644.4884]
[1056.6871,643.4300]
[1056.3220,642.3264]
[1056.0763,641.1903]
[1055.9528,640.0346]
[1055.9528,638.8722]
[1056.0763,637.7164]
[1056.3220,636.5803]
[1056.6871,635.4768]
[1057.1674,634.4183]
[1057.7575,633.4169]
[1058.4507,632.4839]
[1059.2391,631.6298]
[1060.1139,630.8644]
[1061.0650,630.1963]
[1062.0818,629.6330]
[1063.1527,629.1811]
[1064.2656,628.8455]
[1065.4078,628.6302]
[1066.5665,628.5374]
[1067.7284,628.5684]
[1068.8805,628.7226]
[1070.0096,628.9985]
[1071.1031,629.3928]
[1072.1484,629.9011]
[1073.1337,630.5177]
[1074.0480,631.2354]
[1074.8808,632.0463]
[1075.6226,632.9412]
[1076.2652,633.9098]
[1076.8011,634.9412]
[1077.2244,636.0237]
[1077.5302,637.1451]
[1077.7151,638.2927]
[1077.7770,639.4534]
[809.0171,646.2001,17.9269]
[826.9440,646.2001]
[826.8425,648.1056]
[826.5389,649.9896]
[826.0369,651.8306]
[825.3420,653.6078]
[824.4621,655.3010]
[823.4073,656.8912]
[822.1893,658.3602]
[820.8222,659.6914]
[819.3213,660.8698]
[817.7036,661.8819]
[815.9875,662.7164]
[814.1925,663.3638]
[812.3388,663.8166]
[810.4474,664.0699]
[808.5399,664.1207]
[806.6377,663.9685]
[804.7626,663.6149]
[802.9356,663.0640]
[801.1775,662.3220]
[799.5083,661.3974]
[797.9468,660.3006]
[796.5107,659.0440]
[795.2163,657.6419]
[794.0783,656.1101]
[793.1096,654.4661]
[792.3211,652.7284]
[791.7218,650.9168]
[791.3184,649.0517]
[791.1156,647.1542]
[791.1156,645.2460]
[791.3184,643.3486]
[791.7218,641.4835]
[792.3211,639.6719]
[793.1096,637.9342]
[794.0783,636.2901]
[795.2163,634.7584]
[796.5107,633.3563]
[797.9468,632.0997]
[799.5083,631.0029]
[801.1775,630.0782]
[802.9356,629.3363]
[804.7626,628.7854]
[806.6377,628.4318]
[808.5399,628.2796]
[810.4474,628.3304]
[812.3388,628.5836]
[814.1925,629.0365]
[815.9875,629.6838]
[817.7036,630.5183]
[819.3213,631.5305]
[820.8222,632.7088]
[822.1893,634.0401]
[823.4073,635.5091]
[824.4621,637.0992]
[825.3420,638.7925]
[826.0369,640.5697]
[826.5389,642.4107]
[826.8425,644.2946]
[826.9440,646.2001]
