[796.0794,418.5827,11.3037]
[807.3830,418.5827]
[807.3190,419.7842]
[807.1276,420.9721]
[806.8111,422.1330]
[806.3729,423.2536]
[805.8181,424.3212]
[805.1530,425.3239]
[804.3850,426.2502]
[803.5230,427.0896]
[802.5766,427.8326]
[801.5566,428.4708]
[800.4745,428.9969]
[799.3427,429.4051]
[798.1738,429.6907]
[796.9813,429.8504]
[795.7785,429.8824]
[794.5791,429.7864]
[793.3967,429.5635]
[792.2447,429.2161]
[791.1362,428.7483]
[790.0837,428.1653]
[789.0991,427.4737]
[788.1936,426.6813]
[787.3774,425.7972]
[786.6599,424.8314]
[786.0490,423.7948]
[785.5519,422.6991]
[785.1740,421.5568]
[784.9196,420.3807]
[784.7917,419.1843]
[784.7917,417.9811]
[784.9196,416.7847]
[785.1740,415.6087]
[785.5519,414.4664]
[786.0490,413.3707]
[786.6599,412.3341]
[787.3774,411.3682]
[788.1936,410.4842]
[789.0991,409.6918]
[790.0837,409.0002]
[791.1362,408.4172]
[792.2447,407.9494]
[793.3967,407.6020]
[794.5791,407.3791]
[795.7785,407.2831]
[796.9813,407.3151]
[798.1738,407.4748]
[799.3427,407.7604]
[800.4745,408.1685]
[801.5566,408.6947]
[802.5766,409.3329]
[803.5230,410.0759]
[804.3850,410.9153]
[805.1530,411.8416]
[805.8181,412.8443]
[806.3729,413.9119]
[806.8111,415.0325]
[807.1276,416.1933]
[807.3190,417.3812]
[807.3830,418.5827]
[1062.4774,426.4711,12.6905]
[1075.1679,426.4711]
[1075.0960,427.8200]
[1074.8811,429.1536]
[1074.5257,430.4569]
[1074.0338,431.7150]
[1073.4109,432.9136]
[1072.6642,434.0393]
[1071.8020,435.0792]
[1070.8342,436.0216]
[1069.7717,436.8558]
[1068.6266,437.5723]
[1067.4118,438.1630]
[1066.1410,438.6213]
[1064.8288,438.9419]
[1063.4899,439.1211]
[1062.1396,439.1571]
[1060.7930,439.0493]
[1059.4656,438.7990]
[1058.1723,438.4091]
[1056.9277,437.8838]
[1055.7461,437.2293]
[1054.6407,436.4528]
[1053.6241,435.5633]
[1052.7078,434.5707]
[1051.9022,433.4864]
[1051.2164,432.3226]
[1050.6583,431.0925]
[1050.2340,429.8100]
[1049.9485,428.4897]
[1049.8049,427.1465]
[1049.8049,425.7957]
[1049.9485,424.4525]
[1050.2340,423.1322]
[1050.6583,421.8497]
[1051.2164,420.6196]
[1051.9022,419.4558]
[1052.7078,418.3715]
[1053.6241,417.3789]
[1054.6407,416.4894]
[1055.7461,415.7129]
[1056.9277,415.0584]
[1058.1723,414.5331]
[1059.4656,414.1432]
[1060.7930,413.8929]
[1062.1396,413.7851]
[1063.4899,413.8211]
[1064.8288,414.0003]
[1066.1410,414.3209]
[1067.4118,414.7792]
[1068.6266,415.3699]
[1069.7717,416.0864]
[1070.8342,416.9206]
[1071.8020,417.8630]
[1072.6642,418.9029]
[1073.4109,420.0286]
[1074.0338,421.2272]
[1074.5257,422.4853]
[1074.8811,423.7885]
[1075.0960,425.1222]
[1075.1679,426.4711]
[839.8921,508.5878,11.1371]
[851.0292,508.5878]
[850.9661,509.7716]
[850.7776,510.9420]
[850.4657,512.0857]
[850.0340,513.1898]
[849.4873,514.2417]
[848.8320,515.2296]
[848.0754,516.1422]
[847.2260,516.9692]
[846.2936,517.7013]
[845.2886,518.3301]
[844.2225,518.8485]
[843.1073,519.2507]
[841.9557,519.5320]
[840.7807,519.6894]
[839.5957,519.7209]
[838.4140,519.6263]
[837.2490,519.4067]
[836.1140,519.0644]
[835.0218,518.6035]
[833.9848,518.0291]
[833.0147,517.3477]
[832.1226,516.5670]
[831.3184,515.6960]
[830.6115,514.7444]
[830.0096,513.7230]
[829.5198,512.6435]
[829.1474,511.5180]
[828.8968,510.3593]
[828.7708,509.1805]
[828.7708,507.9950]
[828.8968,506.8163]
[829.1474,505.6576]
[829.5198,504.5321]
[830.0096,503.4526]
[830.6115,502.4312]
[831.3184,501.4796]
[832.1226,500.6085]
[833.0147,499.8279]
[833.9848,499.1465]
[835.0218,498.5721]
[836.1140,498.1111]
[837.2490,497.7689]
[838.4140,497.5492]
[839.5957,497.4546]
[840.7807,497.4862]
[841.9557,497.6435]
[843.1073,497.9249]
[844.2225,498.3271]
[845.2886,498.8455]
[846.2936,499.4743]
[847.2260,500.2063]
[848.0754,501.0334]
[848.8320,501.9460]
[849.4873,502.9339]
[850.0340,503.9858]
[850.4657,505.0899]
[850.7776,506.2336]
[850.9661,507.4040]
[851.0292,508.5878]
[1053.6480,592.0000,11.1964]
[1064.8444,592.0000]
[1064.7810,593.1901]
[1064.5914,594.3667]
[1064.2779,595.5165]
[1063.8439,596.6265]
[1063.2943,597.6840]
[1062.6355,598.6772]
[1061.8748,599.5947]
[1061.0210,600.4261]
[1060.0836,601.1621]
[1059.0732,601.7942]
[1058.0014,602.3154]
[1056.8803,602.7197]
[1055.7226,603.0026]
[1054.5413,603.1607]
[1053.3499,603.1925]
[1052.1619,603.0974]
[1050.9908,602.8766]
[1049.8497,602.5325]
[1048.7517,602.0691]
[1047.7092,601.4916]
[1046.7339,600.8066]
[1045.8370,600.0218]
[1045.0286,599.1461]
[1044.3178,598.1894]
[1043.7128,597.1626]
[1043.2203,596.0773]
[1042.8460,594.9458]
[1042.5941,593.7809]
[1042.4674,592.5959]
[1042.4674,591.4041]
[1042.5941,590.2191]
[1042.8460,589.0542]
[1043.2203,587.9227]
[1043.7128,586.8374]
[1044.3178,585.8106]
[1045.0286,584.8539]
[1045.8370,583.9782]
[1046.7339,583.1934]
[1047.7092,582.5084]
[1048.7517,581.9309]
[1049.8497,581.4675]
[1050.9908,581.1234]
[1052.1619,580.9026]
[1053.3499,580.8075]
[1054.5413,580.8393]
[1055.7226,580.9974]
[1056.8803,581.2803]
[1058.0014,581.6846]
[1059.0732,582.2058]
[1060.0836,582.8379]
[1061.0210,583.5739]
[1061.8748,584.4053]
[1062.6355,585.3228]
[1063.2943,586.3160]
[1063.8439,587.3735]
[1064.2779,588.4835]
[1064.5914,589.6333]
[1064.7810,590.8099]
[1064.8444,592.0000]
[785.8642,605.6570,20.1328]
[805.9970,605.6570]
[805.8829,607.7970]
[805.5420,609.9127]
[804.9782,611.9802]
[804.1978,613.9761]
[803.2097,615.8777]
[802.0250,617.6635]
[800.6573,619.3133]
[799.1219,620.8083]
[797.4363,622.1317]
[795.6196,623.2684]
[793.6923,624.2055]
[791.6764,624.9325]
[789.5946,625.4411]
[787.4705,625.7256]
[785.3283,625.7826]
[783.1921,625.6116]
[781.0862,625.2145]
[779.0344,624.5959]
[777.0600,623.7626]
[775.1854,622.7242]
[773.4318,621.4924]
[771.8190,620.0812]
[770.3654,618.5066]
[769.0873,616.7864]
[767.9994,614.9401]
[767.1139,612.9885]
[766.4408,610.9540]
[765.9878,608.8594]
[765.7600,606.7285]
[765.7600,604.5855]
[765.9878,602.4546]
[766.4408,600.3600]
[767.1139,598.3254]
[767.9994,596.3739]
[769.0873,594.5276]
[770.3654,592.8074]
[771.8190,591.2327]
[773.4318,589.8215]
[775.1854,588.5898]
[777.0600,587.5514]
[779.0344,586.7181]
[781.0862,586.0994]
[783.1921,585.7024]
[785.3283,585.5314]
[787.4705,585.5884]
[789.5946,585.8729]
[791.6764,586.3815]
[793.6923,587.1084]
[795.6196,588.0456]
[797.4363,589.1823]
[799.1219,590.5057]
[800.6573,592.0007]
[802.0250,593.6505]
[803.2097,595.4363]
[804.1978,597.3379]
[804.9782,599.3338]
[805.5420,601.4013]
[805.8829,603.5170]
[805.9970,605.6570]
