[834.4071,399.7302,10.2743]
[844.6814,399.7302]
[844.6232,400.8223]
[844.4493,401.9020]
[844.1615,402.9571]
[843.7633,403.9757]
[843.2590,404.9461]
[842.6544,405.8575]
[841.9564,406.6994]
[841.1729,407.4624]
[840.3127,408.1377]
[839.3855,408.7178]
[838.4020,409.1961]
[837.3732,409.5671]
[836.3108,409.8266]
[835.2268,409.9718]
[834.1336,410.0009]
[833.0434,409.9136]
[831.9687,409.7110]
[830.9216,409.3953]
[829.9140,408.9700]
[828.9574,408.4401]
[828.0624,407.8115]
[827.2394,407.0913]
[826.4975,406.2877]
[825.8453,405.4098]
[825.2901,404.4676]
[824.8382,403.4717]
[824.4947,402.4334]
[824.2636,401.3645]
[824.1473,400.2770]
[824.1473,399.1834]
[824.2636,398.0959]
[824.4947,397.0270]
[824.8382,395.9887]
[825.2901,394.9928]
[825.8453,394.0505]
[826.4975,393.1726]
[827.2394,392.3691]
[828.0624,391.6489]
[828.9574,391.0203]
[829.9140,390.4903]
[830.9216,390.0651]
[831.9687,389.7494]
[833.0434,389.5467]
[834.1336,389.4595]
[835.2268,389.4886]
[836.3108,389.6337]
[837.3732,389.8933]
[838.4020,390.2643]
[839.3855,390.7426]
[840.3127,391.3227]
[841.1729,391.9980]
[841.9564,392.7610]
[842.6544,393.6029]
[843.2590,394.5142]
[843.7633,395.4847]
[844.1615,396.5033]
[844.4493,397.5584]
[844.6232,398.6381]
[844.6814,399.7302]
[1020.4460,407.5063,13.8041]
[1034.2501,407.5063]
[1034.1719,408.9736]
[1033.9382,410.4242]
[1033.5516,411.8418]
[1033.0165,413.2103]
[1032.3390,414.5141]
[1031.5267,415.7386]
[1030.5889,416.8697]
[1029.5362,417.8948]
[1028.3804,418.8022]
[1027.1348,419.5816]
[1025.8134,420.2241]
[1024.4312,420.7226]
[1023.0038,421.0713]
[1021.5474,421.2663]
[1020.0786,421.3055]
[1018.6139,421.1882]
[1017.1700,420.9160]
[1015.7632,420.4918]
[1014.4094,419.9204]
[1013.1241,419.2085]
[1011.9217,418.3639]
[1010.8159,417.3963]
[1009.8192,416.3166]
[1008.9429,415.1372]
[1008.1970,413.8712]
[1007.5898,412.5332]
[1007.1283,411.1382]
[1006.8177,409.7020]
[1006.6615,408.2410]
[1006.6615,406.7716]
[1006.8177,405.3105]
[1007.1283,403.8744]
[1007.5898,402.4794]
[1008.1970,401.1413]
[1008.9429,399.8754]
[1009.8192,398.6959]
[1010.8159,397.6162]
[1011.9217,396.6486]
[1013.1241,395.8041]
[1014.4094,395.0921]
[1015.7632,394.5208]
[1017.1700,394.0966]
[1018.6139,393.8243]
[1020.0786,393.7071]
[1021.5474,393.7462]
[1023.0038,393.9412]
[1024.4312,394.2899]
[1025.8134,394.7884]
[1027.1348,395.4310]
[1028.3804,396.2104]
[1029.5362,397.1177]
[1030.5889,398.1428]
[1031.5267,399.2740]
[1032.3390,400.4984]
[1033.0165,401.8023]
[1033.5516,403.1707]
[1033.9382,404.5883]
[1034.1719,406.0390]
[1034.2501,407.5063]
[1058.8994,597.0940,10.8399]
[1069.7393,597.0940]
[1069.6779,598.2462]
[1069.4944,599.3854]
[1069.1908,600.4986]
[1068.7706,601.5732]
[1068.2386,602.5971]
[1067.6007,603.5586]
[1066.8643,604.4469]
[1066.0376,605.2518]
[1065.1301,605.9644]
[1064.1519,606.5764]
[1063.1142,607.0810]
[1062.0288,607.4724]
[1060.9079,607.7462]
[1059.7643,607.8994]
[1058.6108,607.9301]
[1057.4607,607.8380]
[1056.3268,607.6243]
[1055.2221,607.2911]
[1054.1590,606.8425]
[1053.1497,606.2834]
[1052.2055,605.6202]
[1051.3371,604.8604]
[1050.5545,604.0125]
[1049.8663,603.0863]
[1049.2806,602.0922]
[1048.8038,601.0415]
[1048.4414,599.9460]
[1048.1975,598.8183]
[1048.0748,597.6709]
[1048.0748,596.5171]
[1048.1975,595.3698]
[1048.4414,594.2420]
[1048.8038,593.1466]
[1049.2806,592.0958]
[1049.8663,591.1017]
[1050.5545,590.1755]
[1051.3371,589.3277]
[1052.2055,588.5679]
[1053.1497,587.9046]
[1054.1590,587.3455]
[1055.2221,586.8969]
[1056.3268,586.5638]
[1057.4607,586.3500]
[1058.6108,586.2579]
[1059.7643,586.2887]
[1060.9079,586.4418]
[1062.0288,586.7156]
[1063.1142,587.1071]
[1064.1519,587.6117]
[1065.1301,588.2237]
[1066.0376,588.9362]
[1066.8643,589.7412]
[1067.6007,590.6294]
[1068.2386,591.5910]
[1068.7706,592.6148]
[1069.1908,593.6895]
[1069.4944,594.8027]
[1069.6779,595.9418]
[1069.7393,597.0940]
[813.9354,609.1686,10.9663]
[824.9017,609.1686]
[824.8396,610.3342]
[824.6539,611.4867]
[824.3468,612.6128]
[823.9217,613.7000]
[823.3834,614.7358]
[822.7382,615.7085]
[821.9931,616.6072]
[821.1568,617.4215]
[820.2387,618.1423]
[819.2491,618.7615]
[818.1993,619.2720]
[817.1013,619.6680]
[815.9673,619.9450]
[814.8103,620.0999]
[813.6434,620.1310]
[812.4799,620.0379]
[811.3328,619.8216]
[810.2152,619.4846]
[809.1397,619.0307]
[808.1186,618.4651]
[807.1634,617.7941]
[806.2849,617.0255]
[805.4931,616.1678]
[804.7970,615.2307]
[804.2044,614.2251]
[803.7220,613.1621]
[803.3554,612.0538]
[803.1087,610.9129]
[802.9846,609.7522]
[802.9846,608.5849]
[803.1087,607.4242]
[803.3554,606.2833]
[803.7220,605.1751]
[804.2044,604.1121]
[804.7970,603.1064]
[805.4931,602.1694]
[806.2849,601.3117]
[807.1634,600.5430]
[808.1186,599.8720]
[809.1397,599.3064]
[810.2152,598.8525]
[811.3328,598.5156]
[812.4799,598.2993]
[813.6434,598.2061]
[814.8103,598.2372]
[815.9673,598.3921]
[817.1013,598.6692]
[818.1993,599.0652]
[819.2491,599.5756]
[820.2387,600.1948]
[821.1568,600.9156]
[821.9931,601.7300]
[822.7382,602.6286]
[823.3834,603.6013]
[823.9217,604.6371]
[824.3468,605.7243]
[824.6539,606.8505]
[824.8396,608.0029]
[824.9017,609.1686]
