[909.0567,419.4556,11.1321]
[920.1889,419.4556]
[920.1258,420.6389]
[919.9373,421.8087]
[919.6255,422.9519]
[919.1940,424.0555]
[918.6477,425.1070]
[917.9926,426.0944]
[917.2363,427.0066]
[916.3874,427.8333]
[915.4553,428.5650]
[914.4508,429.1935]
[913.3852,429.7117]
[912.2705,430.1137]
[911.1194,430.3949]
[909.9449,430.5522]
[908.7604,430.5837]
[907.5792,430.4892]
[906.4148,430.2696]
[905.2803,429.9276]
[904.1886,429.4668]
[903.1520,428.8927]
[902.1824,428.2116]
[901.2906,427.4313]
[900.4869,426.5606]
[899.7802,425.6094]
[899.1786,424.5885]
[898.6890,423.5095]
[898.3168,422.3845]
[898.0664,421.2263]
[897.9404,420.0481]
[897.9404,418.8631]
[898.0664,417.6849]
[898.3168,416.5267]
[898.6890,415.4017]
[899.1786,414.3227]
[899.7802,413.3018]
[900.4869,412.3506]
[901.2906,411.4799]
[902.1824,410.6996]
[903.1520,410.0185]
[904.1886,409.4443]
[905.2803,408.9836]
[906.4148,408.6415]
[907.5792,408.4220]
[908.7604,408.3274]
[909.9449,408.3590]
[911.1194,408.5162]
[912.2705,408.7975]
[913.3852,409.1994]
[914.4508,409.7176]
[915.4553,410.3462]
[916.3874,411.0779]
[917.2363,411.9045]
[917.9926,412.8168]
[918.6477,413.8042]
[919.1940,414.8557]
[919.6255,415.9592]
[919.9373,417.1025]
[920.1258,418.2723]
[920.1889,419.4556]
[806.5475,526.5265,15.3650]
[821.9125,526.5265]
[821.8255,528.1597]
[821.5653,529.7744]
[821.1350,531.3523]
[820.5394,532.8755]
[819.7853,534.3268]
[818.8812,535.6897]
[817.8373,536.9487]
[816.6655,538.0897]
[815.3791,539.0997]
[813.9926,539.9672]
[812.5218,540.6824]
[810.9832,541.2373]
[809.3944,541.6254]
[807.7734,541.8425]
[806.1385,541.8860]
[804.5082,541.7555]
[802.9010,541.4525]
[801.3351,540.9803]
[799.8282,540.3444]
[798.3976,539.5519]
[797.0592,538.6118]
[795.8284,537.5348]
[794.7190,536.3331]
[793.7436,535.0203]
[792.9133,533.6112]
[792.2375,532.1218]
[791.7238,530.5690]
[791.3781,528.9705]
[791.2042,527.3442]
[791.2042,525.7087]
[791.3781,524.0825]
[791.7238,522.4839]
[792.2375,520.9311]
[792.9133,519.4418]
[793.7436,518.0327]
[794.7190,516.7198]
[795.8284,515.5181]
[797.0592,514.4411]
[798.3976,513.5010]
[799.8282,512.7085]
[801.3351,512.0726]
[802.9010,511.6004]
[804.5082,511.2974]
[806.1385,511.1669]
[807.7734,511.2104]
[809.3944,511.4275]
[810.9832,511.8157]
[812.5218,512.3705]
[813.9926,513.0857]
[815.3791,513.9532]
[816.6655,514.9632]
[817.8373,516.1042]
[818.8812,517.3633]
[819.7853,518.7262]
[820.5394,520.1775]
[821.1350,521.7007]
[821.5653,523.2786]
[821.8255,524.8933]
[821.9125,526.5265]
[1067.4389,530.0370,11.0769]
[1078.5158,530.0370]
[1078.4530,531.2144]
[1078.2655,532.3785]
[1077.9553,533.5160]
[1077.5259,534.6142]
[1076.9822,535.6604]
[1076.3304,536.6429]
[1075.5779,537.5506]
[1074.7331,538.3732]
[1073.8057,539.1013]
[1072.8062,539.7267]
[1071.7459,540.2423]
[1070.6367,540.6423]
[1069.4913,540.9221]
[1068.3227,541.0786]
[1067.1440,541.1100]
[1065.9687,541.0159]
[1064.8100,540.7975]
[1063.6812,540.4571]
[1062.5949,539.9986]
[1061.5635,539.4273]
[1060.5986,538.7496]
[1059.7113,537.9732]
[1058.9115,537.1068]
[1058.2083,536.1604]
[1057.6098,535.1445]
[1057.1226,534.0708]
[1056.7522,532.9514]
[1056.5030,531.7990]
[1056.3777,530.6266]
[1056.3777,529.4475]
[1056.5030,528.2751]
[1056.7522,527.1227]
[1057.1226,526.0033]
[1057.6098,524.9296]
[1058.2083,523.9137]
[1058.9115,522.9673]
[1059.7113,522.1009]
[1060.5986,521.3245]
[1061.5635,520.6468]
[1062.5949,520.0755]
[1063.6812,519.6170]
[1064.8100,519.2766]
[1065.9687,519.0581]
[1067.1440,518.9641]
[1068.3227,518.9955]
[1069.4913,519.1519]
[1070.6367,519.4318]
[1071.7459,519.8318]
[1072.8062,520.3474]
[1073.8057,520.9728]
[1074.7331,521.7009]
[1075.5779,522.5235]
[1076.3304,523.4311]
[1076.9822,524.4137]
[1077.5259,525.4599]
[1077.9553,526.5580]
[1078.2655,527.6956]
[1078.4530,528.8596]
[1078.5158,530.0370]
[916.2124,620.5054,15.0520]
[931.2644,620.5054]
[931.1791,622.1053]
[930.9242,623.6871]
[930.5027,625.2329]
[929.9192,626.7251]
[929.1805,628.1468]
[928.2948,629.4819]
[927.2722,630.7153]
[926.1243,631.8331]
[924.8641,632.8225]
[923.5059,633.6723]
[922.0650,634.3730]
[920.5578,634.9165]
[919.0014,635.2967]
[917.4133,635.5094]
[915.8117,635.5520]
[914.2146,635.4242]
[912.6402,635.1273]
[911.1062,634.6648]
[909.6301,634.0418]
[908.2285,633.2655]
[906.9175,632.3446]
[905.7117,631.2895]
[904.6249,630.1122]
[903.6694,628.8261]
[902.8560,627.4458]
[902.1940,625.9867]
[901.6908,624.4656]
[901.3521,622.8996]
[901.1818,621.3065]
[901.1818,619.7043]
[901.3521,618.1112]
[901.6908,616.5452]
[902.1940,615.0241]
[902.8560,613.5651]
[903.6694,612.1847]
[904.6249,610.8986]
[905.7117,609.7213]
[906.9175,608.6663]
[908.2285,607.7453]
[909.6301,606.9690]
[911.1062,606.3460]
[912.6402,605.8835]
[914.2146,605.5866]
[915.8117,605.4588]
[917.4133,605.5014]
[919.0014,605.7141]
[920.5578,606.0943]
[922.0650,606.6379]
[923.5059,607.3385]
[924.8641,608.1884]
[926.1243,609.1777]
[927.2722,610.2955]
[928.2948,611.5289]
[929.1805,612.8640]
[929.9192,614.2858]
[930.5027,615.7779]
[930.9242,617.3237]
[931.1791,618.9055]
[931.2644,620.5054]
