[1038.6558,406.3209,11.1718]
[1049.8275,406.3209]
[1049.7642,407.5083]
[1049.5751,408.6824]
[1049.2622,409.8296]
[1048.8292,410.9372]
[1048.2808,411.9924]
[1047.6235,412.9833]
[1046.8645,413.8988]
[1046.0125,414.7284]
[1045.0772,415.4627]
[1044.0691,416.0935]
[1042.9996,416.6135]
[1041.8810,417.0169]
[1040.7258,417.2992]
[1039.5471,417.4570]
[1038.3584,417.4886]
[1037.1730,417.3938]
[1036.0044,417.1734]
[1034.8659,416.8301]
[1033.7703,416.3677]
[1032.7300,415.7915]
[1031.7569,415.1080]
[1030.8620,414.3249]
[1030.0554,413.4512]
[1029.3462,412.4966]
[1028.7425,411.4721]
[1028.2511,410.3892]
[1027.8776,409.2602]
[1027.6263,408.0979]
[1027.4999,406.9154]
[1027.4999,405.7263]
[1027.6263,404.5438]
[1027.8776,403.3815]
[1028.2511,402.2525]
[1028.7425,401.1696]
[1029.3462,400.1451]
[1030.0554,399.1906]
[1030.8620,398.3168]
[1031.7569,397.5337]
[1032.7300,396.8502]
[1033.7703,396.2740]
[1034.8659,395.8116]
[1036.0044,395.4683]
[1037.1730,395.2479]
[1038.3584,395.1531]
[1039.5471,395.1847]
[1040.7258,395.3426]
[1041.8810,395.6248]
[1042.9996,396.0282]
[1044.0691,396.5482]
[1045.0772,397.1790]
[1046.0125,397.9133]
[1046.8645,398.7429]
[1047.6235,399.6584]
[1048.2808,400.6493]
[1048.8292,401.7046]
[1049.2622,402.8121]
[1049.5751,403.9593]
[1049.7642,405.1334]
[1049.8275,406.3209]
[832.4737,408.0003,11.1483]
[843.6220,408.0003]
[843.5588,409.1853]
[843.3701,410.3569]
[843.0579,411.5017]
[842.6257,412.6069]
[842.0786,413.6599]
[841.4226,414.6488]
[840.6652,415.5623]
[839.8150,416.3902]
[838.8816,417.1230]
[837.8756,417.7524]
[836.8085,418.2714]
[835.6922,418.6739]
[834.5394,418.9556]
[833.3632,419.1131]
[832.1770,419.1446]
[830.9941,419.0500]
[829.8280,418.8301]
[828.6918,418.4875]
[827.5985,418.0261]
[826.5605,417.4511]
[825.5894,416.7690]
[824.6964,415.9876]
[823.8914,415.1157]
[823.1837,414.1631]
[822.5813,413.1407]
[822.0910,412.0601]
[821.7183,410.9335]
[821.4674,409.7736]
[821.3413,408.5937]
[821.3413,407.4070]
[821.4674,406.2271]
[821.7183,405.0672]
[822.0910,403.9406]
[822.5813,402.8600]
[823.1837,401.8376]
[823.8914,400.8850]
[824.6964,400.0131]
[825.5894,399.2317]
[826.5605,398.5496]
[827.5985,397.9746]
[828.6918,397.5132]
[829.8280,397.1706]
[830.9941,396.9507]
[832.1770,396.8560]
[833.3632,396.8876]
[834.5394,397.0451]
[835.6922,397.3267]
[836.8085,397.7293]
[837.8756,398.2483]
[838.8816,398.8777]
[839.8150,399.6105]
[840.6652,400.4383]
[841.4226,401.3519]
[842.0786,402.3407]
[842.6257,403.3937]
[843.0579,404.4989]
[843.3701,405.6438]
[843.5588,406.8154]
[843.6220,408.0003]
[1035.7394,657.1677,10.9731]
[1046.7124,657.1677]
[1046.6503,658.3340]
[1046.4645,659.4872]
[1046.1572,660.6140]
[1045.7318,661.7019]
[1045.1932,662.7383]
[1044.5476,663.7116]
[1043.8021,664.6108]
[1042.9652,665.4257]
[1042.0465,666.1469]
[1041.0564,666.7665]
[1040.0060,667.2773]
[1038.9072,667.6735]
[1037.7725,667.9507]
[1036.6149,668.1057]
[1035.4473,668.1368]
[1034.2830,668.0436]
[1033.1352,667.8272]
[1032.0169,667.4900]
[1030.9408,667.0359]
[1029.9190,666.4699]
[1028.9632,665.7985]
[1028.0842,665.0294]
[1027.2919,664.1712]
[1026.5954,663.2336]
[1026.0024,662.2273]
[1025.5198,661.1636]
[1025.1529,660.0547]
[1024.9060,658.9131]
[1024.7819,657.7517]
[1024.7819,656.5837]
[1024.9060,655.4223]
[1025.1529,654.2806]
[1025.5198,653.1717]
[1026.0024,652.1081]
[1026.5954,651.1018]
[1027.2919,650.1642]
[1028.0842,649.3059]
[1028.9632,648.5368]
[1029.9190,647.8654]
[1030.9408,647.2995]
[1032.0169,646.8453]
[1033.1352,646.5081]
[1034.2830,646.2917]
[1035.4473,646.1985]
[1036.6149,646.2296]
[1037.7725,646.3846]
[1038.9072,646.6618]
[1040.0060,647.0581]
[1041.0564,647.5688]
[1042.0465,648.1884]
[1042.9652,648.9097]
[1043.8021,649.7245]
[1044.5476,650.6237]
[1045.1932,651.5970]
[1045.7318,652.6335]
[1046.1572,653.7213]
[1046.4645,654.8482]
[1046.6503,656.0013]
[1046.7124,657.1677]
[836.6210,660.5922,17.9322]
[854.5532,660.5922]
[854.4516,662.4983]
[854.1480,664.3828]
[853.6458,666.2243]
[852.9507,668.0020]
[852.0706,669.6958]
[851.0154,671.2864]
[849.7971,672.7559]
[848.4296,674.0875]
[846.9282,675.2662]
[845.3101,676.2787]
[843.5935,677.1134]
[841.7979,677.7609]
[839.9436,678.2139]
[838.0517,678.4673]
[836.1436,678.5181]
[834.2410,678.3658]
[832.3652,678.0121]
[830.5377,677.4610]
[828.7791,676.7189]
[827.1094,675.7940]
[825.5474,674.6968]
[824.1110,673.4399]
[822.8162,672.0374]
[821.6779,670.5052]
[820.7089,668.8606]
[819.9201,667.1224]
[819.3206,665.3102]
[818.9171,663.4446]
[818.7142,661.5466]
[818.7142,659.6379]
[818.9171,657.7399]
[819.3206,655.8742]
[819.9201,654.0621]
[820.7089,652.3239]
[821.6779,650.6793]
[822.8162,649.1471]
[824.1110,647.7446]
[825.5474,646.4877]
[827.1094,645.3905]
[828.7791,644.4656]
[830.5377,643.7234]
[832.3652,643.1724]
[834.2410,642.8187]
[836.1436,642.6664]
[838.0517,642.7172]
[839.9436,642.9706]
[841.7979,643.4236]
[843.5935,644.0711]
[845.3101,644.9058]
[846.9282,645.9183]
[848.4296,647.0970]
[849.7971,648.4286]
[851.0154,649.8981]
[852.0706,651.4887]
[852.9507,653.1824]
[853.6458,654.9602]
[854.1480,656.8017]
[854.4516,658.6862]
[854.5532,660.5922]
