[1039.5203,454.4691,17.6818]
[1057.2021,454.4691]
[1057.1020,456.3486]
[1056.8026,458.2068]
[1056.3074,460.0226]
[1055.6220,461.7755]
[1054.7541,463.4456]
[1053.7137,465.0140]
[1052.5124,466.4629]
[1051.1640,467.7760]
[1049.6836,468.9382]
[1048.0880,469.9365]
[1046.3954,470.7596]
[1044.6249,471.3981]
[1042.7965,471.8448]
[1040.9311,472.0946]
[1039.0496,472.1447]
[1037.1735,471.9945]
[1035.3239,471.6458]
[1033.5219,471.1024]
[1031.7879,470.3706]
[1030.1415,469.4586]
[1028.6013,468.3768]
[1027.1849,467.1374]
[1025.9082,465.7544]
[1024.7858,464.2436]
[1023.8303,462.6221]
[1023.0526,460.9081]
[1022.4614,459.1213]
[1022.0636,457.2817]
[1021.8635,455.4102]
[1021.8635,453.5281]
[1022.0636,451.6566]
[1022.4614,449.8170]
[1023.0526,448.0301]
[1023.8303,446.3162]
[1024.7858,444.6946]
[1025.9082,443.1838]
[1027.1849,441.8009]
[1028.6013,440.5614]
[1030.1415,439.4796]
[1031.7879,438.5676]
[1033.5219,437.8358]
[1035.3239,437.2925]
[1037.1735,436.9437]
[1039.0496,436.7936]
[1040.9311,436.8437]
[1042.7965,437.0935]
[1044.6249,437.5401]
[1046.3954,438.1786]
[1048.0880,439.0017]
[1049.6836,440.0000]
[1051.1640,441.1623]
[1052.5124,442.4753]
[1053.7137,443.9243]
[1054.7541,445.4927]
[1055.6220,447.1628]
[1056.3074,448.9157]
[1056.8026,450.7315]
[1057.1020,452.5897]
[1057.2021,454.4691]
[875.5261,458.4838,12.9058]
[888.4319,458.4838]
[888.3588,459.8556]
[888.1403,461.2119]
[887.7789,462.5372]
[887.2786,463.8166]
[886.6452,465.0356]
[885.8858,466.1804]
[885.0090,467.2379]
[884.0247,468.1963]
[882.9442,469.0446]
[881.7796,469.7733]
[880.5442,470.3741]
[879.2519,470.8401]
[877.9174,471.1661]
[876.5558,471.3485]
[875.1826,471.3850]
[873.8132,471.2754]
[872.4632,471.0209]
[871.1480,470.6243]
[869.8823,470.0901]
[868.6806,469.4245]
[867.5565,468.6349]
[866.5226,467.7302]
[865.5908,466.7208]
[864.7715,465.6181]
[864.0741,464.4346]
[863.5065,463.1836]
[863.0750,461.8793]
[862.7846,460.5366]
[862.6386,459.1707]
[862.6386,457.7969]
[862.7846,456.4309]
[863.0750,455.0882]
[863.5065,453.7840]
[864.0741,452.5330]
[864.7715,451.3495]
[865.5908,450.2467]
[866.5226,449.2373]
[867.5565,448.3327]
[868.6806,447.5431]
[869.8823,446.8774]
[871.1480,446.3433]
[872.4632,445.9467]
[873.8132,445.6922]
[875.1826,445.5826]
[876.5558,445.6191]
[877.9174,445.8015]
[879.2519,446.1275]
[880.5442,446.5935]
[881.7796,447.1943]
[882.9442,447.9229]
[884.0247,448.7713]
[885.0090,449.7296]
[885.8858,450.7872]
[886.6452,451.9320]
[887.2786,453.1510]
[887.7789,454.4304]
[888.1403,455.7557]
[888.3588,457.1120]
[888.4319,458.4838]
[780.5131,637.5476,17.6625]
[798.1756,637.5476]
[798.0755,639.4251]
[797.7765,641.2812]
[797.2818,643.0950]
[796.5972,644.8460]
[795.7303,646.5143]
[794.6910,648.0810]
[793.4910,649.5283]
[792.1440,650.8399]
[790.6652,652.0009]
[789.0714,652.9982]
[787.3807,653.8203]
[785.6121,654.4581]
[783.7857,654.9043]
[781.9223,655.1538]
[780.0429,655.2039]
[778.1688,655.0539]
[776.3213,654.7055]
[774.5213,654.1628]
[772.7891,653.4317]
[771.1445,652.5208]
[769.6060,651.4401]
[768.1911,650.2021]
[766.9159,648.8206]
[765.7946,647.3115]
[764.8402,645.6917]
[764.0633,643.9796]
[763.4728,642.1947]
[763.0754,640.3571]
[762.8756,638.4877]
[762.8756,636.6076]
[763.0754,634.7382]
[763.4728,632.9006]
[764.0633,631.1157]
[764.8402,629.4036]
[765.7946,627.7838]
[766.9159,626.2746]
[768.1911,624.8932]
[769.6060,623.6552]
[771.1445,622.5745]
[772.7891,621.6635]
[774.5213,620.9325]
[776.3213,620.3898]
[778.1688,620.0414]
[780.0429,619.8914]
[781.9223,619.9414]
[783.7857,620.1910]
[785.6121,620.6372]
[787.3807,621.2750]
[789.0714,622.0971]
[790.6652,623.0944]
[792.1440,624.2554]
[793.4910,625.5670]
[794.6910,627.0143]
[795.7303,628.5810]
[796.5972,630.2493]
[797.2818,632.0003]
[797.7765,633.8141]
[798.0755,635.6702]
[798.1756,637.5476]
[1036.5308,640.0130,12.7519]
[1049.2826,640.0130]
[1049.2104,641.3684]
[1048.9945,642.7085]
[1048.6374,644.0181]
[1048.1431,645.2822]
[1047.5172,646.4867]
[1046.7668,647.6178]
[1045.9005,648.6627]
[1044.9280,649.6097]
[1043.8604,650.4479]
[1042.7097,651.1679]
[1041.4890,651.7614]
[1040.2121,652.2219]
[1038.8935,652.5441]
[1037.5482,652.7242]
[1036.1913,652.7603]
[1034.8383,652.6521]
[1033.5044,652.4005]
[1032.2048,652.0087]
[1030.9543,651.4809]
[1029.7669,650.8232]
[1028.6561,650.0430]
[1027.6346,649.1492]
[1026.7139,648.1518]
[1025.9044,647.0622]
[1025.2153,645.8928]
[1024.6545,644.6567]
[1024.2281,643.3680]
[1023.9412,642.0413]
[1023.7969,640.6917]
[1023.7969,639.3343]
[1023.9412,637.9846]
[1024.2281,636.6579]
[1024.6545,635.3692]
[1025.2153,634.1332]
[1025.9044,632.9637]
[1026.7139,631.8742]
[1027.6346,630.8768]
[1028.6561,629.9830]
[1029.7669,629.2028]
[1030.9543,628.5451]
[1032.2048,628.0173]
[1033.5044,627.6254]
[1034.8383,627.3739]
[1036.1913,627.2656]
[1037.5482,627.3017]
[1038.8935,627.4819]
[1040.2121,627.8040]
[1041.4890,628.2645]
[1042.7097,628.8581]
[1043.8604,629.5781]
[1044.9280,630.4163]
[1045.9005,631.3632]
[1046.7668,632.4082]
[1047.5172,633.5393]
[1048.1431,634.7437]
[1048.6374,636.0079]
[1048.9945,637.3175]
[1049.2104,638.6575]
[1049.2826,640.0130]
