[1052.3812,406.4865,12.6995]
[1065.0808,406.4865]
[1065.0088,407.8364]
[1064.7938,409.1710]
[1064.4381,410.4751]
[1063.9459,411.7341]
[1063.3226,412.9336]
[1062.5753,414.0601]
[1061.7125,415.1007]
[1060.7440,416.0438]
[1059.6808,416.8786]
[1058.5348,417.5956]
[1057.3191,418.1867]
[1056.0475,418.6453]
[1054.7343,418.9661]
[1053.3945,419.1455]
[1052.0432,419.1815]
[1050.6957,419.0737]
[1049.3673,418.8232]
[1048.0731,418.4329]
[1046.8276,417.9073]
[1045.6451,417.2523]
[1044.5390,416.4753]
[1043.5216,415.5852]
[1042.6047,414.5919]
[1041.7985,413.5068]
[1041.1123,412.3422]
[1040.5537,411.1112]
[1040.1291,409.8278]
[1039.8434,408.5065]
[1039.6997,407.1624]
[1039.6997,405.8106]
[1039.8434,404.4665]
[1040.1291,403.1452]
[1040.5537,401.8618]
[1041.1123,400.6308]
[1041.7985,399.4662]
[1042.6047,398.3811]
[1043.5216,397.3878]
[1044.5390,396.4977]
[1045.6451,395.7207]
[1046.8276,395.0657]
[1048.0731,394.5400]
[1049.3673,394.1498]
[1050.6957,393.8993]
[1052.0432,393.7915]
[1053.3945,393.8275]
[1054.7343,394.0069]
[1056.0475,394.3277]
[1057.3191,394.7863]
[1058.5348,395.3774]
[1059.6808,396.0944]
[1060.7440,396.9292]
[1061.7125,397.8723]
[1062.5753,398.9129]
[1063.3226,400.0394]
[1063.9459,401.2389]
[1064.4381,402.4979]
[1064.7938,403.8020]
[1065.0088,405.1366]
[1065.0808,406.4865]
[856.4770,516.9949,22.7582]
[879.2352,516.9949]
[879.1062,519.4139]
[878.7209,521.8055]
[878.0835,524.1427]
[877.2014,526.3988]
[876.0844,528.5484]
[874.7452,530.5671]
[873.1991,532.4320]
[871.4635,534.1220]
[869.5581,535.6179]
[867.5045,536.9029]
[865.3259,537.9622]
[863.0471,538.7840]
[860.6938,539.3590]
[858.2928,539.6805]
[855.8712,539.7450]
[853.4564,539.5517]
[851.0759,539.1028]
[848.7565,538.4035]
[846.5247,537.4616]
[844.4056,536.2877]
[842.4233,534.8953]
[840.6002,533.3001]
[838.9570,531.5201]
[837.5123,529.5756]
[836.2825,527.4885]
[835.2815,525.2825]
[834.5207,522.9826]
[834.0086,520.6149]
[833.7511,518.2061]
[833.7511,515.7836]
[834.0086,513.3749]
[834.5207,511.0071]
[835.2815,508.7072]
[836.2825,506.5013]
[837.5123,504.4142]
[838.9570,502.4696]
[840.6002,500.6896]
[842.4233,499.0944]
[844.4056,497.7020]
[846.5247,496.5282]
[848.7565,495.5863]
[851.0759,494.8869]
[853.4564,494.4380]
[855.8712,494.2448]
[858.2928,494.3093]
[860.6938,494.6308]
[863.0471,495.2057]
[865.3259,496.0275]
[867.5045,497.0869]
[869.5581,498.3718]
[871.4635,499.8677]
[873.1991,501.5577]
[874.7452,503.4226]
[876.0844,505.4413]
[877.2014,507.5909]
[878.0835,509.8471]
[878.7209,512.1842]
[879.1062,514.5758]
[879.2352,516.9949]
[1041.4852,650.4810,12.6955]
[1054.1807,650.4810]
[1054.1088,651.8304]
[1053.8938,653.1646]
[1053.5383,654.4683]
[1053.0462,655.7269]
[1052.4231,656.9260]
[1051.6760,658.0521]
[1050.8135,659.0925]
[1049.8454,660.0352]
[1048.7824,660.8697]
[1047.6368,661.5865]
[1046.4216,662.1775]
[1045.1503,662.6359]
[1043.8376,662.9566]
[1042.4982,663.1360]
[1041.1473,663.1719]
[1039.8002,663.0641]
[1038.4723,662.8137]
[1037.1785,662.4236]
[1035.9334,661.8982]
[1034.7513,661.2434]
[1033.6455,660.4666]
[1032.6285,659.5767]
[1031.7119,658.5838]
[1030.9059,657.4990]
[1030.2199,656.3348]
[1029.6615,655.1042]
[1029.2371,653.8212]
[1028.9514,652.5004]
[1028.8078,651.1567]
[1028.8078,649.8053]
[1028.9514,648.4616]
[1029.2371,647.1408]
[1029.6615,645.8578]
[1030.2199,644.6272]
[1030.9059,643.4629]
[1031.7119,642.3782]
[1032.6285,641.3852]
[1033.6455,640.4954]
[1034.7513,639.7186]
[1035.9334,639.0638]
[1037.1785,638.5384]
[1038.4723,638.1482]
[1039.8002,637.8978]
[1041.1473,637.7900]
[1042.4982,637.8260]
[1043.8376,638.0054]
[1045.1503,638.3261]
[1046.4216,638.7845]
[1047.6368,639.3755]
[1048.7824,640.0923]
[1049.8454,640.9268]
[1050.8135,641.8695]
[1051.6760,642.9098]
[1052.4231,644.0359]
[1053.0462,645.2351]
[1053.5383,646.4936]
[1053.8938,647.7974]
[1054.1088,649.1315]
[1054.1807,650.4810]
