[838.6412,476.0000,11.2185]
[849.8597,476.0000]
[849.7961,477.1925]
[849.6062,478.3714]
[849.2920,479.5235]
[848.8571,480.6356]
[848.3065,481.6953]
[847.6464,482.6904]
[846.8842,483.6097]
[846.0287,484.4427]
[845.0894,485.1801]
[844.0771,485.8135]
[843.0032,486.3358]
[841.8799,486.7409]
[840.7198,487.0243]
[839.5362,487.1828]
[838.3425,487.2145]
[837.1522,487.1193]
[835.9787,486.8980]
[834.8354,486.5533]
[833.7352,486.0890]
[832.6906,485.5103]
[831.7134,484.8239]
[830.8148,484.0376]
[830.0048,483.1602]
[829.2926,482.2016]
[828.6864,481.1728]
[828.1929,480.0853]
[827.8179,478.9516]
[827.5655,477.7845]
[827.4385,476.5971]
[827.4385,475.4029]
[827.5655,474.2155]
[827.8179,473.0484]
[828.1929,471.9147]
[828.6864,470.8272]
[829.2926,469.7984]
[830.0048,468.8398]
[830.8148,467.9624]
[831.7134,467.1761]
[832.6906,466.4897]
[833.7352,465.9110]
[834.8354,465.4467]
[835.9787,465.1020]
[837.1522,464.8807]
[838.3425,464.7855]
[839.5362,464.8172]
[840.7198,464.9757]
[841.8799,465.2591]
[843.0032,465.6642]
[844.0771,466.1865]
[845.0894,466.8199]
[846.0287,467.5573]
[846.8842,468.3903]
[847.6464,469.3096]
[848.3065,470.3047]
[848.8571,471.3644]
[849.2920,472.4765]
[849.6062,473.6286]
[849.7961,474.8075]
[849.8597,476.0000]
[1053.0218,478.7584,11.1295]
[1064.1513,478.7584]
[1064.0882,479.9414]
[1063.8998,481.1109]
[1063.5881,482.2539]
[1063.1567,483.3572]
[1062.6105,484.4084]
[1061.9556,485.3956]
[1061.1995,486.3076]
[1060.3507,487.1341]
[1059.4189,487.8657]
[1058.4146,488.4940]
[1057.3492,489.0121]
[1056.2348,489.4140]
[1055.0840,489.6951]
[1053.9098,489.8524]
[1052.7255,489.8839]
[1051.5446,489.7894]
[1050.3805,489.5699]
[1049.2462,489.2279]
[1048.1548,488.7673]
[1047.1185,488.1932]
[1046.1491,487.5123]
[1045.2575,486.7322]
[1044.4539,485.8617]
[1043.7474,484.9107]
[1043.1460,483.8901]
[1042.6565,482.8113]
[1042.2844,481.6866]
[1042.0340,480.5287]
[1041.9081,479.3507]
[1041.9081,478.1660]
[1042.0340,476.9881]
[1042.2844,475.8302]
[1042.6565,474.7054]
[1043.1460,473.6266]
[1043.7474,472.6060]
[1044.4539,471.6550]
[1045.2575,470.7846]
[1046.1491,470.0044]
[1047.1185,469.3235]
[1048.1548,468.7495]
[1049.2462,468.2888]
[1050.3805,467.9468]
[1051.5446,467.7273]
[1052.7255,467.6328]
[1053.9098,467.6644]
[1055.0840,467.8216]
[1056.2348,468.1027]
[1057.3492,468.5046]
[1058.4146,469.0227]
[1059.4189,469.6511]
[1060.3507,470.3826]
[1061.1995,471.2091]
[1061.9556,472.1211]
[1062.6105,473.1083]
[1063.1567,474.1595]
[1063.5881,475.2628]
[1063.8998,476.4058]
[1064.0882,477.5754]
[1064.1513,478.7584]
[970.0786,555.2855,15.2843]
[985.3629,555.2855]
[985.2763,556.9102]
[985.0175,558.5164]
[984.5894,560.0860]
[983.9970,561.6012]
[983.2468,563.0448]
[982.3474,564.4006]
[981.3091,565.6530]
[980.1435,566.7880]
[978.8638,567.7927]
[977.4846,568.6557]
[976.0215,569.3671]
[974.4910,569.9190]
[972.9106,570.3051]
[971.2981,570.5211]
[969.6717,570.5644]
[968.0500,570.4346]
[966.4512,570.1331]
[964.8936,569.6635]
[963.3947,569.0309]
[961.9715,568.2425]
[960.6402,567.3074]
[959.4158,566.2361]
[958.3122,565.0406]
[957.3420,563.7347]
[956.5161,562.3330]
[955.8438,560.8515]
[955.3328,559.3069]
[954.9889,557.7167]
[954.8160,556.0990]
[954.8160,554.4721]
[954.9889,552.8544]
[955.3328,551.2642]
[955.8438,549.7196]
[956.5161,548.2381]
[957.3420,546.8364]
[958.3122,545.5304]
[959.4158,544.3350]
[960.6402,543.2637]
[961.9715,542.3285]
[963.3947,541.5402]
[964.8936,540.9076]
[966.4512,540.4380]
[968.0500,540.1365]
[969.6717,540.0067]
[971.2981,540.0500]
[972.9106,540.2659]
[974.4910,540.6520]
[976.0215,541.2040]
[977.4846,541.9154]
[978.8638,542.7784]
[980.1435,543.7831]
[981.3091,544.9180]
[982.3474,546.1705]
[983.2468,547.5262]
[983.9970,548.9699]
[984.5894,550.4851]
[985.0175,552.0547]
[985.2763,553.6609]
[985.3629,555.2855]
[1071.5214,634.9172,15.2585]
[1086.7799,634.9172]
[1086.6935,636.5390]
[1086.4351,638.1426]
[1086.0078,639.7095]
[1085.4163,641.2222]
[1084.6674,642.6634]
[1083.7696,644.0169]
[1082.7330,645.2672]
[1081.5693,646.4003]
[1080.2918,647.4033]
[1078.9149,648.2648]
[1077.4543,648.9750]
[1075.9264,649.5260]
[1074.3486,649.9115]
[1072.7388,650.1271]
[1071.1152,650.1703]
[1069.4962,650.0407]
[1067.9001,649.7398]
[1066.3451,649.2709]
[1064.8487,648.6394]
[1063.4279,647.8524]
[1062.0989,646.9188]
[1060.8765,645.8493]
[1059.7748,644.6558]
[1058.8062,643.3521]
[1057.9817,641.9528]
[1057.3105,640.4737]
[1056.8004,638.9317]
[1056.4571,637.3442]
[1056.2845,635.7293]
[1056.2845,634.1051]
[1056.4571,632.4901]
[1056.8004,630.9026]
[1057.3105,629.3606]
[1057.9817,627.8816]
[1058.8062,626.4822]
[1059.7748,625.1785]
[1060.8765,623.9851]
[1062.0989,622.9155]
[1063.4279,621.9820]
[1064.8487,621.1950]
[1066.3451,620.5634]
[1067.9001,620.0946]
[1069.4962,619.7936]
[1071.1152,619.6640]
[1072.7388,619.7073]
[1074.3486,619.9228]
[1075.9264,620.3083]
[1077.4543,620.8593]
[1078.9149,621.5696]
[1080.2918,622.4311]
[1081.5693,623.4340]
[1082.7330,624.5671]
[1083.7696,625.8175]
[1084.6674,627.1709]
[1085.4163,628.6121]
[1086.0078,630.1248]
[1086.4351,631.6918]
[1086.6935,633.2953]
[1086.7799,634.9172]
[840.2895,664.7334,20.2451]
[860.5346,664.7334]
[860.4199,666.8853]
[860.0771,669.0129]
[859.5101,671.0919]
[858.7254,673.0989]
[857.7317,675.0111]
[856.5405,676.8069]
[855.1651,678.4659]
[853.6211,679.9692]
[851.9261,681.3000]
[850.0993,682.4430]
[848.1613,683.3854]
[846.1341,684.1165]
[844.0407,684.6279]
[841.9048,684.9139]
[839.7506,684.9713]
[837.6025,684.7994]
[835.4848,684.4001]
[833.4216,683.7779]
[831.4362,682.9400]
[829.5511,681.8958]
[827.7877,680.6572]
[826.1659,679.2381]
[824.7041,677.6547]
[823.4190,675.9249]
[822.3250,674.0682]
[821.4345,672.1059]
[820.7577,670.0599]
[820.3022,667.9536]
[820.0731,665.8109]
[820.0731,663.6559]
[820.3022,661.5131]
[820.7577,659.4069]
[821.4345,657.3609]
[822.3250,655.3985]
[823.4190,653.5419]
[824.7041,651.8121]
[826.1659,650.2287]
[827.7877,648.8096]
[829.5511,647.5709]
[831.4362,646.5268]
[833.4216,645.6888]
[835.4848,645.0667]
[837.6025,644.6674]
[839.7506,644.4955]
[841.9048,644.5529]
[844.0407,644.8389]
[846.1341,645.3503]
[848.1613,646.0814]
[850.0993,647.0238]
[851.9261,648.1668]
[853.6211,649.4975]
[855.1651,651.0009]
[856.5405,652.6599]
[857.7317,654.4557]
[858.7254,656.3679]
[859.5101,658.3749]
[860.0771,660.4539]
[860.4199,662.5815]
[860.5346,664.7334]
