[965.5195,417.5019,15.3246]
[980.8441,417.5019]
[980.7573,419.1308]
[980.4978,420.7412]
[980.0686,422.3149]
[979.4746,423.8342]
[978.7225,425.2816]
[977.8207,426.6409]
[976.7796,427.8967]
[975.6109,429.0347]
[974.3279,430.0420]
[972.9451,430.9072]
[971.4781,431.6206]
[969.9436,432.1739]
[968.3590,432.5611]
[966.7422,432.7776]
[965.1116,432.8210]
[963.4856,432.6909]
[961.8826,432.3886]
[960.3208,431.9177]
[958.8180,431.2834]
[957.3910,430.4930]
[956.0562,429.5554]
[954.8286,428.4812]
[953.7221,427.2827]
[952.7493,425.9733]
[951.9212,424.5679]
[951.2472,423.0825]
[950.7349,421.5338]
[950.3900,419.9394]
[950.2167,418.3175]
[950.2167,416.6862]
[950.3900,415.0643]
[950.7349,413.4699]
[951.2472,411.9212]
[951.9212,410.4358]
[952.7493,409.0304]
[953.7221,407.7210]
[954.8286,406.5225]
[956.0562,405.4483]
[957.3910,404.5107]
[958.8180,403.7203]
[960.3208,403.0860]
[961.8826,402.6151]
[963.4856,402.3128]
[965.1116,402.1827]
[966.7422,402.2261]
[968.3590,402.4426]
[969.9436,402.8298]
[971.4781,403.3831]
[972.9451,404.0965]
[974.3279,404.9617]
[975.6109,405.9690]
[976.7796,407.1070]
[977.8207,408.3628]
[978.7225,409.7221]
[979.4746,411.1695]
[980.0686,412.6888]
[980.4978,414.2625]
[980.7573,415.8729]
[980.8441,417.5019]
[1052.0212,512.5093,20.0384]
[1072.0595,512.5093]
[1071.9460,514.6392]
[1071.6067,516.7450]
[1071.0455,518.8029]
[1070.2688,520.7894]
[1069.2853,522.6821]
[1068.1062,524.4595]
[1066.7448,526.1015]
[1065.2167,527.5896]
[1063.5390,528.9067]
[1061.7308,530.0381]
[1059.8126,530.9709]
[1057.8061,531.6945]
[1055.7340,532.2007]
[1053.6199,532.4838]
[1051.4877,532.5405]
[1049.3616,532.3704]
[1047.2655,531.9751]
[1045.2234,531.3594]
[1043.2582,530.5300]
[1041.3924,529.4965]
[1039.6470,528.2705]
[1038.0418,526.8659]
[1036.5949,525.2986]
[1035.3229,523.5865]
[1034.2401,521.7488]
[1033.3587,519.8065]
[1032.6888,517.7814]
[1032.2379,515.6966]
[1032.0112,513.5758]
[1032.0112,511.4428]
[1032.2379,509.3219]
[1032.6888,507.2371]
[1033.3587,505.2121]
[1034.2401,503.2697]
[1035.3229,501.4321]
[1036.5949,499.7199]
[1038.0418,498.1527]
[1039.6470,496.7481]
[1041.3924,495.5221]
[1043.2582,494.4885]
[1045.2234,493.6592]
[1047.2655,493.0434]
[1049.3616,492.6482]
[1051.4877,492.4780]
[1053.6199,492.5348]
[1055.7340,492.8179]
[1057.8061,493.3241]
[1059.8126,494.0477]
[1061.7308,494.9805]
[1063.5390,496.1118]
[1065.2167,497.4290]
[1066.7448,498.9170]
[1068.1062,500.5590]
[1069.2853,502.3365]
[1070.2688,504.2292]
[1071.0455,506.2157]
[1071.6067,508.2735]
[1071.9460,510.3793]
[1072.0595,512.5093]
[861.0214,518.3489,22.7893]
[883.8107,518.3489]
[883.6816,520.7712]
[883.2958,523.1661]
[882.6575,525.5064]
[881.7741,527.7657]
[880.6556,529.9182]
[879.3147,531.9396]
[877.7664,533.8071]
[876.0284,535.4994]
[874.1204,536.9974]
[872.0640,538.2841]
[869.8825,539.3449]
[867.6005,540.1678]
[865.2440,540.7435]
[862.8397,541.0655]
[860.4148,541.1301]
[857.9967,540.9365]
[855.6129,540.4870]
[853.2904,539.7867]
[851.0555,538.8435]
[848.9335,537.6681]
[846.9485,536.2738]
[845.1229,534.6764]
[843.4775,532.8940]
[842.0308,530.9468]
[840.7993,528.8568]
[839.7970,526.6478]
[839.0351,524.3448]
[838.5223,521.9738]
[838.2645,519.5618]
[838.2645,517.1360]
[838.5223,514.7239]
[839.0351,512.3529]
[839.7970,510.0499]
[840.7993,507.8409]
[842.0308,505.7509]
[843.4775,503.8037]
[845.1229,502.0213]
[846.9485,500.4239]
[848.9335,499.0296]
[851.0555,497.8542]
[853.2904,496.9110]
[855.6129,496.2107]
[857.9967,495.7612]
[860.4148,495.5677]
[862.8397,495.6322]
[865.2440,495.9542]
[867.6005,496.5299]
[869.8825,497.3528]
[872.0640,498.4136]
[874.1204,499.7003]
[876.0284,501.1983]
[877.7664,502.8906]
[879.3147,504.7581]
[880.6556,506.7795]
[881.7741,508.9321]
[882.6575,511.1913]
[883.2958,513.5316]
[883.6816,515.9265]
[883.8107,518.3489]
[845.0634,674.3200,11.2868]
[856.3503,674.3200]
[856.2863,675.5197]
[856.0952,676.7059]
[855.7791,677.8649]
[855.3416,678.9839]
[854.7877,680.0500]
[854.1235,681.0511]
[853.3567,681.9760]
[852.4960,682.8142]
[851.5510,683.5561]
[850.5325,684.1933]
[849.4520,684.7187]
[848.3219,685.1263]
[847.1548,685.4114]
[845.9640,685.5709]
[844.7630,685.6028]
[843.5654,685.5070]
[842.3848,685.2844]
[841.2345,684.9375]
[840.1276,684.4704]
[839.0767,683.8883]
[838.0935,683.1977]
[837.1894,682.4065]
[836.3745,681.5238]
[835.6580,680.5594]
[835.0480,679.5243]
[834.5516,678.4302]
[834.1743,677.2896]
[833.9203,676.1153]
[833.7926,674.9207]
[833.7926,673.7193]
[833.9203,672.5247]
[834.1743,671.3504]
[834.5516,670.2098]
[835.0480,669.1157]
[835.6580,668.0806]
[836.3745,667.1163]
[837.1894,666.2335]
[838.0935,665.4423]
[839.0767,664.7518]
[840.1276,664.1696]
[841.2345,663.7025]
[842.3848,663.3556]
[843.5654,663.1330]
[844.7630,663.0372]
[845.9640,663.0692]
[847.1548,663.2286]
[848.3219,663.5137]
[849.4520,663.9213]
[850.5325,664.4467]
[851.5510,665.0840]
[852.4960,665.8259]
[853.3567,666.6640]
[854.1235,667.5889]
[854.7877,668.5901]
[855.3416,669.6562]
[855.7791,670.7751]
[856.0952,671.9342]
[856.2863,673.1203]
[856.3503,674.3200]
[1043.4952,678.5264,15.2613]
[1058.7565,678.5264]
[1058.6700,680.1486]
[1058.4116,681.7524]
[1057.9842,683.3196]
[1057.3927,684.8326]
[1056.6436,686.2740]
[1055.7456,687.6277]
[1054.7088,688.8783]
[1053.5449,690.0116]
[1052.2672,691.0147]
[1050.8901,691.8764]
[1049.4292,692.5868]
[1047.9010,693.1379]
[1046.3230,693.5234]
[1044.7129,693.7390]
[1043.0890,693.7823]
[1041.4697,693.6527]
[1039.8733,693.3517]
[1038.3180,692.8827]
[1036.8214,692.2511]
[1035.4003,691.4639]
[1034.0710,690.5302]
[1032.8485,689.4604]
[1031.7466,688.2668]
[1030.7778,686.9628]
[1029.9531,685.5633]
[1029.2819,684.0840]
[1028.7716,682.5417]
[1028.4283,680.9539]
[1028.2556,679.3386]
[1028.2556,677.7142]
[1028.4283,676.0989]
[1028.7716,674.5111]
[1029.2819,672.9689]
[1029.9531,671.4896]
[1030.7778,670.0900]
[1031.7466,668.7860]
[1032.8485,667.5924]
[1034.0710,666.5226]
[1035.4003,665.5889]
[1036.8214,664.8018]
[1038.3180,664.1701]
[1039.8733,663.7012]
[1041.4697,663.4002]
[1043.0890,663.2706]
[1044.7129,663.3138]
[1046.3230,663.5294]
[1047.9010,663.9149]
[1049.4292,664.4660]
[1050.8901,665.1764]
[1052.2672,666.0381]
[1053.5449,667.0412]
[1054.7088,668.1745]
[1055.7456,669.4251]
[1056.6436,670.7788]
[1057.3927,672.2203]
[1057.9842,673.7332]
[1058.4116,675.3004]
[1058.6700,676.9042]
[1058.7565,678.5264]
