[1063.0277,411.7293,10.9644]
[1073.9922,411.7293]
[1073.9300,412.8947]
[1073.7444,414.0470]
[1073.4373,415.1729]
[1073.0123,416.2599]
[1072.4742,417.2955]
[1071.8290,418.2681]
[1071.0841,419.1666]
[1070.2479,419.9808]
[1069.3299,420.7015]
[1068.3406,421.3206]
[1067.2910,421.8309]
[1066.1931,422.2269]
[1065.0593,422.5038]
[1063.9025,422.6587]
[1062.7359,422.6898]
[1061.5725,422.5967]
[1060.4256,422.3804]
[1059.3082,422.0435]
[1058.2329,421.5897]
[1057.2120,421.0242]
[1056.2569,420.3534]
[1055.3786,419.5848]
[1054.5869,418.7273]
[1053.8909,417.7904]
[1053.2984,416.7849]
[1052.8162,415.7221]
[1052.4496,414.6140]
[1052.2029,413.4733]
[1052.0788,412.3128]
[1052.0788,411.1457]
[1052.2029,409.9852]
[1052.4496,408.8445]
[1052.8162,407.7365]
[1053.2984,406.6737]
[1053.8909,405.6681]
[1054.5869,404.7313]
[1055.3786,403.8737]
[1056.2569,403.1052]
[1057.2120,402.4344]
[1058.2329,401.8688]
[1059.3082,401.4150]
[1060.4256,401.0781]
[1061.5725,400.8618]
[1062.7359,400.7687]
[1063.9025,400.7998]
[1065.0593,400.9547]
[1066.1931,401.2317]
[1067.2910,401.6276]
[1068.3406,402.1380]
[1069.3299,402.7571]
[1070.2479,403.4778]
[1071.0841,404.2920]
[1071.8290,405.1904]
[1072.4742,406.1630]
[1073.0123,407.1986]
[1073.4373,408.2856]
[1073.7444,409.4116]
[1073.9300,410.5638]
[1073.9922,411.7293]
[936.9708,518.5190,11.0979]
[948.0687,518.5190]
[948.0059,519.6986]
[947.8180,520.8649]
[947.5071,522.0046]
[947.0770,523.1048]
[946.5323,524.1530]
[945.8792,525.1374]
[945.1253,526.0469]
[944.2789,526.8710]
[943.3497,527.6005]
[942.3483,528.2271]
[941.2859,528.7437]
[940.1747,529.1444]
[939.0271,529.4248]
[937.8562,529.5815]
[936.6753,529.6130]
[935.4978,529.5187]
[934.3369,529.2999]
[933.2059,528.9588]
[932.1176,528.4995]
[931.0842,527.9271]
[930.1175,527.2481]
[929.2285,526.4702]
[928.4272,525.6022]
[927.7227,524.6539]
[927.1230,523.6362]
[926.6349,522.5604]
[926.2638,521.4389]
[926.0141,520.2843]
[925.8886,519.1096]
[925.8886,517.9283]
[926.0141,516.7537]
[926.2638,515.5991]
[926.6349,514.4775]
[927.1230,513.4018]
[927.7227,512.3840]
[928.4272,511.4358]
[929.2285,510.5678]
[930.1175,509.7899]
[931.0842,509.1109]
[932.1176,508.5385]
[933.2059,508.0791]
[934.3369,507.7381]
[935.4978,507.5192]
[936.6753,507.4250]
[937.8562,507.4564]
[939.0271,507.6132]
[940.1747,507.8936]
[941.2859,508.2943]
[942.3483,508.8109]
[943.3497,509.4375]
[944.2789,510.1670]
[945.1253,510.9911]
[945.8792,511.9005]
[946.5323,512.8849]
[947.0770,513.9332]
[947.5071,515.0334]
[947.8180,516.1731]
[948.0059,517.3393]
[948.0687,518.5190]
[831.5123,643.5009,17.9100]
[849.4223,643.5009]
[849.3208,645.4046]
[849.0176,647.2868]
[848.5160,649.1260]
[847.8218,650.9015]
[846.9427,652.5932]
[845.8889,654.1818]
[844.6721,655.6495]
[843.3062,656.9794]
[841.8067,658.1567]
[840.1906,659.1679]
[838.4761,660.0016]
[836.6828,660.6483]
[834.8308,661.1008]
[832.9413,661.3538]
[831.0355,661.4046]
[829.1352,661.2525]
[827.2618,660.8992]
[825.4365,660.3488]
[823.6801,659.6076]
[822.0124,658.6838]
[820.4524,657.5880]
[819.0177,656.3326]
[817.7246,654.9319]
[816.5876,653.4016]
[815.6198,651.7591]
[814.8321,650.0230]
[814.2333,648.2131]
[813.8303,646.3497]
[813.6277,644.4541]
[813.6277,642.5477]
[813.8303,640.6521]
[814.2333,638.7887]
[814.8321,636.9788]
[815.6198,635.2427]
[816.5876,633.6002]
[817.7246,632.0699]
[819.0177,630.6692]
[820.4524,629.4138]
[822.0124,628.3180]
[823.6801,627.3942]
[825.4365,626.6530]
[827.2618,626.1026]
[829.1352,625.7493]
[831.0355,625.5972]
[832.9413,625.6480]
[834.8308,625.9010]
[836.6828,626.3535]
[838.4761,627.0002]
[840.1906,627.8339]
[841.8067,628.8451]
[843.3062,630.0224]
[844.6721,631.3523]
[845.8889,632.8200]
[846.9427,634.4086]
[847.8218,636.1003]
[848.5160,637.8758]
[849.0176,639.7150]
[849.3208,641.5972]
[849.4223,643.5009]
