point_filter_stereo1
[148.5650,115.8973,34.7404, 8.4151]
[252.3946,42.1537,-2.4231, 8.7298]
[247.2880,118.6791,25.4451, 7.1202]
[144.2574,38.0540,9.7405, 6.7303]
point_filter_stereo1
[148.5650,115.8973,34.7404, 8.4151]
[252.3946,42.1537,-2.4231, 8.7298]
[247.2880,118.6791,25.4451, 7.1202]
[144.2574,38.0540,9.7405, 6.7303]
point_filter_stereo1
[148.5650,115.8973,34.7404, 8.4151]
[252.3946,42.1537,-2.4231, 8.7298]
[247.2880,118.6791,25.4451, 7.1202]
[144.2574,38.0540,9.7405, 6.7303]
point_filter_stereo1
[148.4829,115.8086,34.7404, 8.4653]
[252.3235,42.1021,-2.4231, 8.7479]
[247.2862,118.8446,25.4451, 7.0724]
[144.4293,38.1986,9.7405, 6.7853]
