[884.0995,763.6605,27.8811]
[911.9807,911.8227]
[911.3506,910.5698]
[909.4891,908.1206]
[906.4800,904.5859]
[902.4596,900.1253]
[897.6094,894.9404]
[892.1486,889.2656]
[886.3240,883.3573]
[880.3990,877.4826]
[874.6412,871.9069]
[869.3108,866.8822]
[864.6488,862.6357]
[860.8658,859.3591]
[858.1328,857.2007]
[856.5733,856.2579]
[856.2579,856.5733]
[857.2007,858.1328]
[859.3591,860.8658]
[862.6357,864.6488]
[866.8822,869.3108]
[871.9069,874.6412]
[877.4826,880.3990]
[883.3573,886.3240]
[889.2656,892.1486]
[894.9404,897.6094]
[900.1253,902.4596]
[904.5859,906.4800]
[908.1206,909.4891]
[910.5698,911.3506]
[911.8227,911.9807]
[763.6605,766.6241]
[769.5541,772.4173]
[775.1813,777.8148]
[780.2879,782.5726]
[784.6430,786.4757]
[788.0499,789.3477]
[790.3545,791.0589]
[791.4528,791.5318]
[791.2950,790.7451]
[789.8883,788.7344]
[787.2963,785.5905]
[783.6361,781.4555]
[779.0732,776.5163]
[773.8137,770.9961]
[768.0954,765.1444]
[762.1766,759.2256]
[756.3249,753.5073]
[750.8047,748.2478]
[745.8655,743.6849]
[741.7305,740.0247]
[738.5867,737.4327]
[736.5759,736.0260]
[735.7892,735.8682]
[736.2621,736.9665]
[737.9733,739.2711]
[740.8453,742.6780]
[744.7484,747.0331]
[749.5062,752.1397]
[754.9037,757.7669]
[760.6969,763.6605]
[265.4733,280.4199,26.7403]
[292.2135,292.0620]
[291.6093,290.8604]
[289.8239,288.5114]
[286.9380,285.1213]
[283.0820,280.8432]
[278.4303,275.8705]
[273.1930,270.4279]
[267.6068,264.7614]
[261.9241,259.1271]
[256.4019,253.7795]
[251.2897,248.9605]
[246.8184,244.8877]
[243.1902,241.7452]
[240.5691,239.6751]
[239.0734,238.7709]
[238.7709,239.0734]
[239.6751,240.5691]
[241.7452,243.1902]
[244.8877,246.8184]
[248.9605,251.2897]
[253.7795,256.4019]
[259.1271,261.9241]
[264.7614,267.6068]
[270.4279,273.1930]
[275.8705,278.4303]
[280.8432,283.0820]
[285.1213,286.9380]
[288.5114,289.8239]
[290.8604,291.6093]
[292.0620,292.2135]
[280.4199,283.2623]
[286.0724,288.8184]
[291.4693,293.9951]
[296.3670,298.5582]
[300.5439,302.3016]
[303.8113,305.0561]
[306.0217,306.6972]
[307.0750,307.1507]
[306.9236,306.3962]
[305.5745,304.4678]
[303.0886,301.4525]
[299.5782,297.4868]
[295.2020,292.7497]
[290.1577,287.4554]
[284.6733,281.8431]
[278.9968,276.1665]
[273.3845,270.6822]
[268.0902,265.6379]
[263.3531,261.2617]
[259.3873,257.7513]
[256.3721,255.2654]
[254.4436,253.9163]
[253.6892,253.7649]
[254.1427,254.8182]
[255.7838,257.0285]
[258.5383,260.2960]
[262.2817,264.4729]
[266.8448,269.3705]
[272.0214,274.7675]
[277.5776,280.4199]
[912.6144,271.3350,39.1950]
[951.8094,951.5874]
[950.9238,949.8261]
[948.3068,946.3830]
[944.0767,941.4139]
[938.4248,935.1432]
[931.6064,927.8544]
[923.9297,919.8768]
[915.7416,911.5710]
[907.4122,903.3124]
[899.3179,895.4741]
[891.8246,888.4105]
[885.2707,882.4408]
[879.9527,877.8346]
[876.1107,874.8003]
[873.9184,873.4749]
[873.4749,873.9184]
[874.8003,876.1107]
[877.8346,879.9527]
[882.4408,885.2707]
[888.4105,891.8246]
[895.4741,899.3179]
[903.3124,907.4122]
[911.5710,915.7416]
[919.8768,923.9297]
[927.8544,931.6064]
[935.1432,938.4248]
[941.4139,944.0767]
[946.3830,948.3068]
[949.8261,950.9238]
[951.5874,951.8094]
[271.3350,275.5011]
[279.6201,283.6452]
[287.5308,291.2329]
[294.7096,297.9214]
[300.8320,303.4084]
[305.6213,307.4458]
[308.8611,309.8513]
[310.4050,310.5161]
[310.1832,309.4102]
[308.2057,306.5835]
[304.5619,302.1639]
[299.4165,296.3510]
[293.0020,289.4075]
[285.6082,281.6473]
[277.5695,273.4210]
[269.2489,265.1005]
[261.0227,257.0617]
[253.2624,249.6680]
[246.3190,243.2534]
[240.5061,238.1080]
[236.0864,234.4642]
[233.2597,232.4867]
[232.1538,232.2649]
[232.8186,233.8088]
[235.2241,237.0486]
[239.2616,241.8379]
[244.7485,247.9603]
[251.4370,255.1391]
[259.0247,263.0498]
[267.1688,271.3350]
[291.5386,761.0942,58.4000]
[349.9387,349.6078]
[348.6190,346.9835]
[344.7197,341.8534]
[338.4170,334.4495]
[329.9957,325.1062]
[319.8364,314.2460]
[308.3983,302.3595]
[296.1981,289.9840]
[283.7875,277.6787]
[271.7271,265.9999]
[260.5620,255.4752]
[250.7969,246.5803]
[242.8731,239.7172]
[237.1486,235.1961]
[233.8821,233.2214]
[233.2214,233.8821]
[235.1961,237.1486]
[239.7172,242.8731]
[246.5803,250.7969]
[255.4752,260.5620]
[265.9999,271.7271]
[277.6787,283.7875]
[289.9840,296.1981]
[302.3595,308.3983]
[314.2460,319.8364]
[325.1062,329.9957]
[334.4495,338.4170]
[341.8534,344.7197]
[346.9835,348.6190]
[349.6078,349.9387]
[761.0942,767.3018]
[773.4390,779.4363]
[785.2258,790.7419]
[795.9221,800.7077]
[805.0444,808.8832]
[812.1804,814.8989]
[817.0077,818.4830]
[819.3081,819.4736]
[818.9776,817.8258]
[816.0312,813.6141]
[810.6020,807.0289]
[802.9353,798.3677]
[793.3778,788.0221]
[782.3612,776.4594]
[770.3836,764.2024]
[757.9861,751.8049]
[745.7290,739.8272]
[734.1664,728.8107]
[723.8207,719.2531]
[715.1596,711.5865]
[708.5744,706.1573]
[704.3627,703.2109]
[702.7149,702.8804]
[703.7054,705.1807]
[707.2896,710.0080]
[713.3053,717.1441]
[721.4808,726.2664]
[731.4465,736.9626]
[742.7521,748.7495]
[754.8867,761.0942]
